Ref	Sample	Mutation	lagging_ts	leading_uts	ts_lagging_wg	uts_leading_wg	chisq_pvalue	P_adjust_chisq	flag_chisq	binom_pvalue	P_adjust_binom	flag_binom
C_234	MLH1	[DelC]234	89	73	56781135	57895552	0.167330423323708	0.610503407099295		0.181709103487555	0.776427578961018	
C_234	POLD1R689W	[InsC]234	1	0	56781135	57895552	0.312607612192109	0.700433183172769		0.495141048153929	0.910299469217892	
C_234	MSH3	[InsC]234	0	1	56781135	57895552	0.3220134049725	0.700433183172769		1	1	
C_234	POLEL424V	[DelC]234	11	11	56781135	57895552	0.963642490744388	1		1	1	
C_234	POLDMSH2	[DelC]234	1930	1965	56781135	57895552	0.963559127573981	1		0.974434626501682	1	
C_234	MSH2KO7	[InsC]234	19	7	56781135	57895552	0.016258569611437	0.127240979567768		0.0181519304533853	0.142058586156928	
C_234	MLH1	[InsC]234	11	12	56781135	57895552	0.871371506084401	1		1	1	
C_234	POLD1S478N	[DelC]234	9	7	56781135	57895552	0.589957884960448	0.922518470667554		0.625915560395797	1	
C_234	POLD1R689W	[DelC]234	5	3	56781135	57895552	0.462566170355629	0.816833687431491		0.503706714573022	0.910299469217892	
C_234	POLEL424V	[InsC]234	0	2	56781135	57895552	0.161352719900413	0.610503407099295		0.500047218826085	0.910299469217892	
C_234	POLDMSH2	[InsC]234	47	46	56781135	57895552	0.843498440888241	1		0.917484705641605	1	
C_234	MSH2KO9	[DelC]234	65	56	56781135	57895552	0.354902220137273	0.700433183172769		0.364660031094768	0.910299469217892	
C_234	MSH2KO7	[DelC]234	97	91	56781135	57895552	0.568089725205513	0.913001344080289		0.609808990161232	1	
C_234	POLD1S478N	[InsC]234	1	0	56781135	57895552	0.312607612192109	0.700433183172769		0.495141048153929	0.910299469217892	
C_234	POLEP286R	[DelC]234	6	10	56781135	57895552	0.336464801714237	0.700433183172769		0.454844385251003	0.910299469217892	
C_234	POLEMSH2	[DelC]234	368	594	56781135	57895552	2.83943191933042e-12	8.51829575799125e-11	***	2.68119298447967e-12	8.04357895343901e-11	***
C_234	WT1	[InsC]234	0	0	56781135	57895552	1	1		1	1	
C_234	MSH2KO9	[InsC]234	4	12	56781135	57895552	0.0498532488799001	0.320485171370786		0.077033055260002	0.433310935837511	
C_234	WT	[InsC]234	1	2	56781135	57895552	0.575107866939931	0.915910343857405		1	1	
C_234	POLDMLH1	[DelC]234	1006	1063	56781135	57895552	0.417289402981984	0.763561654077248		0.428669348894935	0.910299469217892	
C_234	POLEP286R	[InsC]234	1	5	56781135	57895552	0.107558355028863	0.496423177056292		0.218882798767699	0.776427578961018	
C_234	POLEMSH2	[InsC]234	58	40	56781135	57895552	0.0555477055902047	0.333286233541228		0.068465195793647	0.403231540728259	
C_234	WT2	[DelC]234	6	11	56781135	57895552	0.240929949544142	0.691109975660088		0.332698160682605	0.907358620043469	
C_234	MSH3	[DelC]234	5	5	56781135	57895552	0.975483142564313	1		1	1	
C_234	WT1	[DelC]234	1	3	56781135	57895552	0.326784855903934	0.700433183172769		0.625070824894701	1	
C_234	POLDMLH1	[InsC]234	42	33	56781135	57895552	0.261249375628801	0.700433183172769		0.298866144258575	0.86503717347501	
C_234	SETD2KO19	[DelC]234	1	3	56781135	57895552	0.326784855903934	0.700433183172769		0.625070824894701	1	
C_234	WT2	[InsC]234	0	0	56781135	57895552	1	1		1	1	
C_234	WT	[DelC]234	1	3	56781135	57895552	0.326784855903934	0.700433183172769		0.625070824894701	1	
C_234	SETD2KO19	[InsC]234	0	0	56781135	57895552	1	1		1	1	
C_567	MLH1	[DelC]567	147	132	1286457	1339204	0.217266791094782	0.686105656088785		0.231132198333852	0.776427578961018	
C_567	MSH3	[InsC]567	1	0	1286457	1339204	0.307588603666764	0.700433183172769		0.489955481686326	0.910299469217892	
C_567	POLDMSH2	[DelC]567	1045	1132	1286457	1339204	0.353674812405316	0.700433183172769		0.356708369249232	0.910299469217892	
C_567	MLH1	[InsC]567	97	88	1286457	1339204	0.349725269457722	0.700433183172769		0.377682942868301	0.910299469217892	
C_567	POLEL424V	[DelC]567	5	3	1286457	1339204	0.444818763898995	0.800673775018191		0.499651881509539	0.910299469217892	
C_567	POLD1R689W	[DelC]567	3	1	1286457	1339204	0.298159661170459	0.700433183172769		0.36526219203241	0.910299469217892	
C_567	POLEL424V	[InsC]567	8	9	1286457	1339204	0.873086960467275	1		1	1	
C_567	POLDMSH2	[InsC]567	575	468	1286457	1339204	7.40946472850403e-05	0.000889135767420483	***	8.22423794077754e-05	0.000943492111749666	***
C_567	POLD1S478N	[DelC]567	3	2	1286457	1339204	0.622554368099112	0.926637039056582		0.681479422080744	1	
C_567	MSH2KO7	[DelC]567	189	174	1286457	1339204	0.241888491481031	0.691109975660088		0.248397577767467	0.776427578961018	
C_567	POLD1S478N	[InsC]567	7	6	1286457	1339204	0.726449207425507	0.993696423762228		0.786836128227228	1	
C_567	POLD1R689W	[InsC]567	0	2	1286457	1339204	0.165721532349738	0.610503407099295		0.500201784696307	0.910299469217892	
C_567	POLEMSH2	[DelC]567	85	138	1286457	1339204	0.00115484147664447	0.0122277332821179	*	0.0012596638035298	0.0133376167432567	*
C_567	WT1	[InsC]567	1	0	1286457	1339204	0.307588603666764	0.700433183172769		0.489955481686326	0.910299469217892	
C_567	MSH2KO9	[InsC]567	109	73	1286457	1339204	0.00328099145866372	0.0328099145866372	*	0.00372932646671162	0.0372932646671162	*
C_567	MSH2KO7	[InsC]567	110	97	1286457	1339204	0.232934357702292	0.691109975660088		0.237984706905655	0.776427578961018	
C_567	POLDMLH1	[DelC]567	525	569	1286457	1339204	0.505437337360816	0.842395562268026		0.506084491081064	0.910299469217892	
C_567	POLEP286R	[InsC]567	5	13	1286457	1339204	0.0717421478837018	0.391320806638373		0.0974527664479361	0.515926410606721	
C_567	POLEMSH2	[InsC]567	63	74	1286457	1339204	0.480935013308089	0.826628495234268		0.495283723774748	0.910299469217892	
C_567	WT2	[DelC]567	2	0	1286457	1339204	0.149044434599622	0.596177738398489		0.24005637403448	0.776427578961018	
C_567	MSH3	[DelC]567	3	6	1286457	1339204	0.347257278627166	0.700433183172769		0.508606546400786	0.910299469217892	
C_567	MSH2KO9	[DelC]567	127	119	1286457	1339204	0.409194395410372	0.763561654077248		0.444190993353782	0.910299469217892	
C_567	POLDMLH1	[InsC]567	445	309	1286457	1339204	3.67986154420167e-08	7.35972308840333e-07	***	4.21831214775721e-08	8.43662429551443e-07	***
C_567	SETD2KO19	[DelC]567	0	0	1286457	1339204	1	1		1	1	
C_567	POLEP286R	[DelC]567	3	4	1286457	1339204	0.745272317821671	0.993696423762228		1	1	
C_567	WT2	[InsC]567	2	1	1286457	1339204	0.540359756448485	0.876259064511057		0.617620990032091	1	
C_567	WT1	[DelC]567	0	0	1286457	1339204	1	1		1	1	
C_567	WT	[DelC]567	2	0	1286457	1339204	0.149044434599622	0.596177738398489		0.24005637403448	0.776427578961018	
C_567	WT	[InsC]567	0	0	1286457	1339204	1	1		1	1	
C_567	SETD2KO19	[InsC]567	3	0	1286457	1339204	0.0771942926976183	0.408675667222685		0.117616936371936	0.582351318962993	
C_89	POLD1R689W	[InsC]89	0	0	8884	8612	1	1		1	1	
C_89	MSH3	[InsC]89	0	0	8884	8612	1	1		1	1	
C_89	POLD1S478N	[DelC]89	0	0	8884	8612	1	1		1	1	
C_89	POLD1R689W	[DelC]89	0	0	8884	8612	1	1		1	1	
C_89	MSH2KO7	[InsC]89	15	24	8884	8612	0.123944339966418	0.544145882779397		0.149358942931228	0.689348967374899	
C_89	POLDMLH1	[DelC]89	20	14	8884	8612	0.348010861891203	0.700433183172769		0.393483735422073	0.910299469217892	
C_89	MSH2KO9	[DelC]89	24	21	8884	8612	0.731623623960468	0.993696423762228		0.76723293981677	1	
C_89	POLDMLH1	[InsC]89	20	21	8884	8612	0.798143676889056	1		0.876311080527431	1	
C_89	POLD1S478N	[InsC]89	1	0	8884	8612	0.324834065008449	0.700433183172769		1	1	
C_89	MLH1	[DelC]89	16	9	8884	8612	0.186025748046332	0.631785559402637		0.230934659110643	0.776427578961018	
C_89	WT2	[InsC]89	0	0	8884	8612	1	1		1	1	
C_89	WT1	[InsC]89	0	0	8884	8612	1	1		1	1	
C_89	MSH2KO9	[InsC]89	12	14	8884	8612	0.637240376078428	0.92719901164203		0.697514791477053	1	
C_89	POLDMSH2	[DelC]89	28	21	8884	8612	0.372777452389911	0.721504746561118		0.394413470852323	0.910299469217892	
C_89	SETD2KO19	[InsC]89	0	1	8884	8612	0.309786960142265	0.700433183172769		0.492226794695931	0.910299469217892	
C_89	MLH1	[InsC]89	32	18	8884	8612	0.061456704670172	0.345693963769718		0.0665216107369697	0.403231540728259	
C_89	POLEP286R	[InsC]89	0	0	8884	8612	1	1		1	1	
C_89	WT2	[DelC]89	0	0	8884	8612	1	1		1	1	
C_89	MSH3	[DelC]89	0	0	8884	8612	1	1		1	1	
C_89	POLDMSH2	[InsC]89	26	22	8884	8612	0.638570553074764	0.92719901164203		0.667295181978699	1	
C_89	WT	[DelC]89	0	0	8884	8612	1	1		1	1	
C_89	MSH2KO7	[DelC]89	32	24	8884	8612	0.340680552111354	0.700433183172769		0.352946499659266	0.910299469217892	
C_89	SETD2KO19	[DelC]89	0	0	8884	8612	1	1		1	1	
C_89	POLEP286R	[DelC]89	0	1	8884	8612	0.309786960142265	0.700433183172769		0.492226794695931	0.910299469217892	
C_89	POLEMSH2	[DelC]89	3	2	8884	8612	0.679972528990542	0.97916044174638		1	1	
C_89	POLEL424V	[DelC]89	0	0	8884	8612	1	1		1	1	
C_89	WT	[InsC]89	0	0	8884	8612	1	1		1	1	
C_89	POLEL424V	[InsC]89	0	0	8884	8612	1	1		1	1	
C_89	WT1	[DelC]89	0	0	8884	8612	1	1		1	1	
C_89	POLEMSH2	[InsC]89	4	6	8884	8612	0.495428677391262	0.833431419910535		0.542903751749204	0.948763838008317	
T_234	POLD1S478N	[DelT]234	14	11	137779025	133549777	0.601581501409997	0.922518470667554		0.690940459108358	1	
T_234	MSH2KO7	[InsT]234	73	77	137779025	133549777	0.60476210854873	0.922518470667554		0.624794515678599	1	
T_234	POLDMLH1	[DelT]234	1255	926	137779025	133549777	2.65624642886965e-10	6.83034795995052e-09	***	2.51532721752821e-10	6.46798427364397e-09	***
T_234	MSH2KO9	[DelT]234	115	90	137779025	133549777	0.12773707269608	0.547444597268912		0.142260374181707	0.6738649303344	
T_234	POLDMLH1	[InsT]234	959	878	137779025	133549777	0.221729494864351	0.688126018544538		0.225021566697118	0.776427578961018	
T_234	POLD1S478N	[InsT]234	101	75	137779025	133549777	0.0795591781009821	0.409161487376479		0.0831271596289677	0.45342087070346	
T_234	POLD1R689W	[InsT]234	25	14	137779025	133549777	0.096058477215389	0.467311510777568		0.10979523150818	0.564661190613499	
T_234	MSH3	[InsT]234	2	2	137779025	133549777	0.975127483919163	1		1	1	
T_234	WT1	[InsT]234	1	4	137779025	133549777	0.168616771291522	0.610503407099295		0.211672463578344	0.776427578961018	
T_234	MSH2KO9	[InsT]234	69	54	137779025	133549777	0.238088637569744	0.691109975660088		0.24259257024486	0.776427578961018	
T_234	POLDMSH2	[DelT]234	2496	1950	137779025	133549777	8.67088240214306e-13	3.1215176647715e-11	***	8.91268510739587e-13	3.20856663866252e-11	***
T_234	SETD2KO19	[InsT]234	3	0	137779025	133549777	0.0881459058455552	0.440729529227776		0.250182219887439	0.776427578961018	
T_234	MLH1	[InsT]234	77	74	137779025	133549777	0.958046964431304	1		1	1	
T_234	POLD1R689W	[DelT]234	4	3	137779025	133549777	0.736293598094603	0.993696423762228		1	1	
T_234	WT2	[DelT]234	14	9	137779025	133549777	0.333076221897629	0.700433183172769		0.406197033485208	0.910299469217892	
T_234	MSH3	[DelT]234	14	14	137779025	133549777	0.934257412647462	1		1	1	
T_234	POLDMSH2	[InsT]234	1237	1276	137779025	133549777	0.118865901716319	0.534896557723437		0.119705548897949	0.582351318962993	
T_234	WT	[DelT]234	7	2	137779025	133549777	0.105210372113085	0.496423177056292		0.180165769087965	0.776427578961018	
T_234	MSH2KO7	[DelT]234	167	156	137779025	133549777	0.739918735447343	0.993696423762228		0.780879024226735	1	
T_234	MLH1	[DelT]234	190	190	137779025	133549777	0.761214144110965	1		0.797586581674707	1	
T_234	WT2	[InsT]234	8	3	137779025	133549777	0.145382441220879	0.596177738398489		0.227188728677676	0.776427578961018	
T_234	POLEMSH2	[DelT]234	1145	1586	137779025	133549777	2.15363756473513e-20	1.29218253884108e-18	***	1.92589161232883e-20	1.1555349673973e-18	***
T_234	POLEL424V	[DelT]234	36	36	137779025	133549777	0.894764733586644	1		0.906758861119443	1	
T_234	WT	[InsT]234	4	3	137779025	133549777	0.736293598094603	0.993696423762228		1	1	
T_234	POLEL424V	[InsT]234	36	46	137779025	133549777	0.212905989707062	0.68434068120127		0.225627329149065	0.776427578961018	
T_234	WT1	[DelT]234	10	2	137779025	133549777	0.0240907056631784	0.173453080774884		0.0388483602169092	0.268950186117064	
T_234	POLEP286R	[InsT]234	52	72	137779025	133549777	0.0488539929472388	0.320485171370786		0.0588497708785028	0.392331805856685	
T_234	POLEMSH2	[InsT]234	459	575	137779025	133549777	3.97123916839678e-05	0.000510587893079586	***	3.97446297574363e-05	0.00051100238259561	***
T_234	SETD2KO19	[DelT]234	5	6	137779025	133549777	0.723900237365329	0.993696423762228		0.771175994233696	1	
T_234	POLEP286R	[DelT]234	33	27	137779025	133549777	0.513151480437966	0.847406114484714		0.522008753555368	0.921191918038884	
T_567	MSH3	[DelT]567	26	22	7409247	6989196	0.7073696509375	0.993696423762228		0.773515386051619	1	
T_567	MSH2KO9	[DelT]567	680	687	7409247	6989196	0.204621909242404	0.682073030808012		0.213235061043157	0.776427578961018	
T_567	MSH2KO9	[InsT]567	569	511	7409247	6989196	0.419958909742486	0.763561654077248		0.428730487829678	0.910299469217892	
T_567	MSH2KO7	[InsT]567	794	606	7409247	6989196	8.33288544496198e-05	0.000937449612558223	***	8.38659654888592e-05	0.000943492111749666	***
T_567	MLH1	[DelT]567	1164	1066	7409247	6989196	0.48523200098515	0.826628495234268		0.497827739662485	0.910299469217892	
T_567	POLD1R689W	[InsT]567	32	15	7409247	6989196	0.0225677988496364	0.169258491372273		0.0277288457317105	0.207966342987828	
T_567	MSH3	[InsT]567	17	6	7409247	6989196	0.0311880492317063	0.215917263911813		0.0364352038053126	0.262333467398251	
T_567	POLEL424V	[DelT]567	88	74	7409247	6989196	0.466039677378448	0.816833687431491		0.480189213891809	0.910299469217892	
T_567	WT	[InsT]567	22	22	7409247	6989196	0.846491762948591	1		0.880970964438857	1	
T_567	SETD2KO19	[InsT]567	23	11	7409247	6989196	0.0589349304352121	0.342202821881877		0.0612045347313925	0.393457723273237	
T_567	MLH1	[InsT]567	411	368	7409247	6989196	0.46741038780802	0.816833687431491		0.473631217997241	0.910299469217892	
T_567	POLD1S478N	[DelT]567	14	13	7409247	6989196	0.967392957272926	1		1	1	
T_567	POLD1R689W	[DelT]567	2	0	7409247	6989196	0.169584279749804	0.610503407099295		0.500425542545705	0.910299469217892	
T_567	POLEL424V	[InsT]567	337	444	7409247	6989196	3.38386552086717e-06	5.07579828130076e-05	***	3.69922601291891e-06	5.54883901937836e-05	***
T_567	WT1	[DelT]567	5	8	7409247	6989196	0.348431792955311	0.700433183172769		0.412657711406049	0.910299469217892	
T_567	WT	[DelT]567	8	4	7409247	6989196	0.291841850930808	0.700433183172769		0.390159942876747	0.910299469217892	
T_567	MSH2KO7	[DelT]567	943	931	7409247	6989196	0.324072062462467	0.700433183172769		0.331750884766184	0.907358620043469	
T_567	POLD1S478N	[InsT]567	336	221	7409247	6989196	2.8394836550175e-05	0.000393159275310115	***	3.12250475546793e-05	0.00043234681229556	***
T_567	POLEP286R	[DelT]567	37	28	7409247	6989196	0.378055568970867	0.723936195901661		0.388283542361357	0.910299469217892	
T_567	POLEMSH2	[DelT]567	1059	1254	7409247	6989196	4.76224998054148e-08	8.57204996497466e-07	***	4.89829694846918e-08	8.81693450724452e-07	***
T_567	WT1	[InsT]567	7	10	7409247	6989196	0.396297211467541	0.750878926991131		0.470793188093672	0.910299469217892	
T_567	POLEMSH2	[InsT]567	3014	3677	7409247	6989196	9.0036728771675e-26	1.62066111789015e-23	***	9.09214931321421e-26	1.63658687637856e-23	***
T_567	POLDMSH2	[DelT]567	2602	2134	7409247	6989196	1.62790365380153e-06	2.66384234258433e-05	***	1.59745172205557e-06	2.6140119088182e-05	***
T_567	POLDMLH1	[DelT]567	1498	1285	7409247	6989196	0.0124317684677376	0.106558015437751		0.0129679311856107	0.111153695876663	
T_567	POLEP286R	[InsT]567	358	503	7409247	6989196	6.62818355724415e-09	1.49134130037993e-07	***	7.46681658198799e-09	1.6800337309473e-07	***
T_567	POLDMLH1	[InsT]567	3759	2766	7409247	6989196	2.76841272911806e-23	2.49157145620626e-21	***	2.33871543777164e-23	2.10484389399447e-21	***
T_567	WT2	[DelT]567	13	7	7409247	6989196	0.22563134520631	0.688366815883657		0.267257051880835	0.801771155642506	
T_567	POLDMSH2	[InsT]567	4324	3345	7409247	6989196	6.23547607173995e-18	2.80596423228298e-16	***	6.03025609768334e-18	2.7136152439575e-16	***
T_567	SETD2KO19	[DelT]567	5	3	7409247	6989196	0.53206425268422	0.870650595301451		0.72749218661298	1	
T_567	WT2	[InsT]567	22	22	7409247	6989196	0.846491762948591	1		0.880970964438857	1	
T_89	MSH3	[DelT]89	33	34	388062	349296	0.58007655110969	0.915910343857405		0.625394592047408	1	
T_89	MSH2KO9	[InsT]89	606	583	388062	349296	0.251205290405056	0.700433183172769		0.257416741810403	0.785339212302924	
T_89	MLH1	[DelT]89	1941	1688	388062	349296	0.301097112959015	0.700433183172769		0.302763010716253	0.86503717347501	
T_89	MSH3	[InsT]89	12	7	388062	349296	0.357999182510526	0.700433183172769		0.491842496213025	0.910299469217892	
T_89	POLEL424V	[DelT]89	53	43	388062	349296	0.612715532310887	0.926637039056582		0.682909011162455	1	
T_89	MSH2KO7	[InsT]89	854	775	388062	349296	0.869080243623425	1		0.881669555213428	1	
T_89	SETD2KO19	[InsT]89	14	11	388062	349296	0.735667705667827	0.993696423762228		0.842200231300651	1	
T_89	MLH1	[InsT]89	548	535	388062	349296	0.18122847923682	0.627329351204378		0.190698190522368	0.776427578961018	
T_89	POLD1S478N	[DelT]89	6	5	388062	349296	0.898688271290024	1		1	1	
T_89	POLD1R689W	[DelT]89	4	5	388062	349296	0.622906009588036	0.926637039056582		0.743820122387333	1	
T_89	POLEL424V	[InsT]89	241	245	388062	349296	0.17949240751325	0.627329351204378		0.187768270941326	0.776427578961018	
T_89	MSH2KO9	[DelT]89	1245	1010	388062	349296	0.0140667913651182	0.115091929350967		0.0144258609131972	0.118029771107977	
T_89	WT	[DelT]89	0	7	388062	349296	0.00529190368523157	0.0501338243864044		0.00535311422547988	0.0507137137150726	
T_89	MSH2KO7	[DelT]89	1658	1437	388062	349296	0.294137845921003	0.700433183172769		0.296530135028235	0.86503717347501	
T_89	POLD1S478N	[InsT]89	100	77	388062	349296	0.302654662016754	0.700433183172769		0.327998710603359	0.907358620043469	
T_89	POLD1R689W	[InsT]89	9	2	388062	349296	0.0525144908583617	0.325952012224314		0.0694454320143113	0.403231540728259	
T_89	POLEMSH2	[DelT]89	520	464	388062	349296	0.891651109669466	1		0.898432834124089	1	
T_89	WT1	[InsT]89	8	10	388062	349296	0.486792336082402	0.826628495234268		0.638205974883137	1	
T_89	WT	[InsT]89	15	12	388062	349296	0.760679960325286	1		0.848256525720246	1	
T_89	POLDMSH2	[DelT]89	1650	1470	388062	349296	0.774664914169536	1		0.788000403971482	1	
T_89	POLDMLH1	[DelT]89	1028	939	388062	349296	0.744850721160119	0.993696423762228		0.751951870282929	1	
T_89	POLEP286R	[InsT]89	197	201	388062	349296	0.21090386402343	0.68434068120127		0.228284201597325	0.776427578961018	
T_89	POLEMSH2	[InsT]89	1680	1375	388062	349296	0.00889943149854734	0.0800948834869261		0.00907569088097874	0.0816812179288087	
T_89	WT2	[DelT]89	15	13	388062	349296	0.920418814755742	1		1	1	
T_89	WT1	[DelT]89	6	5	388062	349296	0.898688271290024	1		1	1	
T_89	POLDMSH2	[InsT]89	1831	1663	388062	349296	0.790334598313331	1		0.799412620851	1	
T_89	POLDMLH1	[InsT]89	1596	1448	388062	349296	0.827077365048719	1		0.827611770359595	1	
T_89	SETD2KO19	[DelT]89	3	4	388062	349296	0.604612622662296	0.922518470667554		0.714566741022852	1	
T_89	POLEP286R	[DelT]89	14	15	388062	349296	0.638737096908954	0.92719901164203		0.711519871514799	1	
T_89	WT2	[InsT]89	17	20	388062	349296	0.415576674510359	0.763561654077248		0.510779146616706	0.910299469217892	
