Ref	Sample	Mutation	lagging_ts	leading_uts	ts_lagging_wg	uts_leading_wg	oddsratio	lowerconfint	higherconfint	flag
C_2	DheML6d1	[DelC]234	609	583	40674023	41383442	1.062817267877	0.948719284257122	1.19063727663344	
C_2	MSH3_KO5_d3	[InsC]234	0	0	40674023	41383442	1	1	1	
C_2	DheMS6d3	[InsC]234	18	20	40674023	41383442	0.91569737969005	0.484398022277636	1.731017990595	
C_2	RPE1_c2_OGG1_11_1	[InsC]234	0	1	40674023	41383442	1	1	1	
C_2	POLE_L424V_d2	[InsC]234	0	1	40674023	41383442	1	1	1	
C_2	MLH1_2	[InsC]234	2	2	40674023	41383442	1.01744157529938	0.143320368485377	7.22289071740212	
C_2	DheML6d1	[InsC]234	18	12	40674023	41383442	1.52616259451215	0.7351511887066	3.16829014312813	
C_2	MSH3_KO5_d4	[DelC]234	1	0	40674023	41383442	1	1	1	
C_2	E_MSHd1	[DelC]234	201	336	40674023	41383442	0.608646150746015	0.51104939865077	0.72488126939582	*
C_2	RPE1_c2_OGG1_11_2	[DelC]234	0	1	40674023	41383442	1	1	1	
C_2	POLE_L424V_d3	[DelC]234	2	1	40674023	41383442	2.03488319977019	0.184516303116931	22.4411044810654	
C_2	MLH1_5	[DelC]234	35	24	40674023	41383442	1.48376937901114	0.882626345248179	2.49434155454772	
C_2	DheML6d3	[DelC]234	397	480	40674023	41383442	0.841507421889719	0.73673683959301	0.96117732009529	*
C_2	MSH3_KO5_d4	[InsC]234	0	0	40674023	41383442	1	1	1	
C_2	E_MSHd1	[InsC]234	23	22	40674023	41383442	1.06368895474885	0.592887954230749	1.90834403765664	
C_2	RPE1_c2_OGG1_11_2	[InsC]234	0	1	40674023	41383442	1	1	1	
C_2	POLE_L424V_d3	[InsC]234	0	1	40674023	41383442	1	1	1	
C_2	MLH1_5	[InsC]234	4	5	40674023	41383442	0.813953241257029	0.218572777984443	3.03111798762048	
C_2	DheML6d3	[InsC]234	24	21	40674023	41383442	1.16279046684626	0.647375536467481	2.08855848518221	
C_2	POD478_1	[DelC]234	3	1	40674023	41383442	3.05232487469889	0.317503017970712	29.3436175827626	
C_2	E_MSHd2	[DelC]234	167	258	40674023	41383442	0.658575121164092	0.542082997729217	0.800101076833538	*
C_2	RPE1_c2_OGG1_1110	[DelC]234	0	1	40674023	41383442	1	1	1	
C_2	POLE_P8_1	[DelC]234	2	9	40674023	41383442	0.226098089599856	0.0488519620178321	1.04643383825699	
C_2	MSH3_KO5_d1	[DelC]234	1	2	40674023	41383442	0.508720775142424	0.0461290735304417	5.61027584676554	
C_2	DheMS6d2	[DelC]234	903	940	40674023	41383442	0.977392840356941	0.892083593261613	1.07086014314901	
C_2	POD478_1	[InsC]234	0	0	40674023	41383442	1	1	1	
C_2	E_MSHd2	[InsC]234	35	18	40674023	41383442	1.97835945884846	1.1205134818127	3.4929576590935	*
C_2	RPE1_c2_OGG1_1110	[InsC]234	1	0	40674023	41383442	1	1	1	
C_2	POLE_P8_1	[InsC]234	0	3	40674023	41383442	1	1	1	
C_2	MSH3_KO5_d1	[InsC]234	0	1	40674023	41383442	1	1	1	
C_2	DheMS6d2	[InsC]234	29	26	40674023	41383442	1.13483877532316	0.668405258715588	1.92676378467118	
C_2	POD478_2	[DelC]234	6	6	40674023	41383442	1.01744157701463	0.328146672496379	3.15464836124293	
C_2	EXO1_KO22_d1	[DelC]234	1	2	40674023	41383442	0.508720775142424	0.0461290735304417	5.61027584676554	
C_2	RPE1_WT_1	[DelC]234	0	1	40674023	41383442	1	1	1	
C_2	POLE_P8_2	[DelC]234	2	0	40674023	41383442	1	1	1	
C_2	MSH3_KO5_d3	[DelC]234	3	3	40674023	41383442	1.01744157572819	0.20535548398694	5.04095308253907	
C_2	DheMS6d3	[DelC]234	1027	1025	40674023	41383442	1.01942731682496	0.934919703934281	1.11157359280769	
C_2	POD478_2	[InsC]234	1	0	40674023	41383442	1	1	1	
C_2	EXO1_KO22_d1	[InsC]234	0	0	40674023	41383442	1	1	1	
C_2	RPE1_WT_1	[InsC]234	0	0	40674023	41383442	1	1	1	
C_2	POLE_P8_2	[InsC]234	1	1	40674023	41383442	1.01744157487056	0.0636397842253302	16.2663555647799	
C_2	SETD2_KO15_d3	[DelC]234	0	1	40674023	41383442	1	1	1	
C_2	RPE1_c2_MSH2_7_3	[DelC]234	27	33	40674023	41383442	0.832452086049815	0.500579044631208	1.38434975055583	
C_2	POD689_1	[DelC]234	2	3	40674023	41383442	0.678294367142441	0.113339435199855	4.05933952014039	
C_2	EXO1_KO22_d2	[DelC]234	2	3	40674023	41383442	0.678294367142441	0.113339435199855	4.05933952014039	
C_2	RPE1_WT_2	[DelC]234	1	2	40674023	41383442	0.508720775142424	0.0461290735304417	5.61027584676554	
C_2	POLE_P8_5	[DelC]234	2	1	40674023	41383442	2.03488319977019	0.184516303116931	22.4411044810654	
C_2	SETD2_KO15_d3	[InsC]234	0	0	40674023	41383442	1	1	1	
C_2	RPE1_c2_MSH2_7_3	[InsC]234	6	2	40674023	41383442	3.05232502607254	0.616066512286919	15.122860728469	
C_2	POD689_1	[InsC]234	1	0	40674023	41383442	1	1	1	
C_2	EXO1_KO22_d2	[InsC]234	0	1	40674023	41383442	1	1	1	
C_2	RPE1_WT_2	[InsC]234	0	0	40674023	41383442	1	1	1	
C_2	POLE_P8_5	[InsC]234	0	1	40674023	41383442	1	1	1	
C_2	SETD2_KO19_d3	[DelC]234	1	0	40674023	41383442	1	1	1	
C_2	RPE1_c2_MSH2_9_2	[DelC]234	30	27	40674023	41383442	1.13049073451486	0.672148401349411	1.90137966297056	
C_2	POD689_2	[DelC]234	3	0	40674023	41383442	1	1	1	
C_2	EXO1_KO22_d3	[DelC]234	0	0	40674023	41383442	1	1	1	
C_2	RPE1_WT_U1	[DelC]234	2	6	40674023	41383442	0.339147158985502	0.0684518213504469	1.680317531057	
C_2	RPE1_c2_MSH2_7_1	[DelC]234	38	26	40674023	41383442	1.48703044842658	0.902977961472028	2.44885218565356	
C_2	SETD2_KO19_d3	[InsC]234	0	0	40674023	41383442	1	1	1	
C_2	RPE1_c2_MSH2_9_2	[InsC]234	3	6	40674023	41383442	0.508720750985518	0.127229857390093	2.03408859989355	
C_2	POD689_2	[InsC]234	0	0	40674023	41383442	1	1	1	
C_2	EXO1_KO22_d3	[InsC]234	0	0	40674023	41383442	1	1	1	
C_2	RPE1_WT_U1	[InsC]234	0	0	40674023	41383442	1	1	1	
C_2	RPE1_c2_MSH2_7_1	[InsC]234	4	2	40674023	41383442	2.03488325065689	0.372715378956181	11.1096833605322	
C_2	SETD2_KO19_d4	[DelC]234	0	2	40674023	41383442	1	1	1	
C_2	RPE1_c2_MSH2_9_3	[DelC]234	35	29	40674023	41383442	1.22794692392287	0.750650467252656	2.00872938038701	
C_2	POLE_L424V_d1	[DelC]234	6	4	40674023	41383442	1.52616243927911	0.430677809178195	5.40815370894268	
C_2	MLH_A	[DelC]234	27	23	40674023	41383442	1.19438806425182	0.684880956768933	2.08293548525178	
C_2	RPE1_WT_U2	[DelC]234	4	5	40674023	41383442	0.813953241257029	0.218572777984443	3.03111798762048	
C_2	RPE1_c2_MSH2_7_2	[DelC]234	32	32	40674023	41383442	1.0174415881638	0.623317064574841	1.66077177115528	
C_2	SETD2_KO19_d4	[InsC]234	0	0	40674023	41383442	1	1	1	
C_2	RPE1_c2_MSH2_9_3	[InsC]234	1	6	40674023	41383442	0.169573575323663	0.0204152832806148	1.40851327178763	
C_2	POLE_L424V_d1	[InsC]234	0	0	40674023	41383442	1	1	1	
C_2	MLH_A	[InsC]234	5	5	40674023	41383442	1.01744157658582	0.294552235338142	3.51444408689364	
C_2	RPE1_WT_U2	[InsC]234	0	0	40674023	41383442	1	1	1	
C_2	RPE1_c2_MSH2_7_2	[InsC]234	9	3	40674023	41383442	3.05232517744622	0.826348175264911	11.2745320528908	
C_2	RPE1_c2_OGG1_11_1	[DelC]234	1	1	40674023	41383442	1.01744157487056	0.0636397842253302	16.2663555647799	
C_2	POLE_L424V_d2	[DelC]234	3	6	40674023	41383442	0.508720750985518	0.127229857390093	2.03408859989355	
C_2	MLH1_2	[DelC]234	27	26	40674023	41383442	1.05657398024413	0.616616515572283	1.81044222387206	
C_5	DheMS6d3	[DelC]567	551	598	1046160	1095007	0.964407897142313	0.858978398270757	1.08277762740349	
C_5	DheML6d1	[DelC]567	284	292	1046160	1095007	1.01802011731714	0.864582635524717	1.1986881492634	
C_5	POLE_P8_2	[InsC]567	1	6	1046160	1095007	0.17444782931339	0.0210020692453417	1.44900222909719	
C_5	DheMS6d3	[InsC]567	309	259	1046160	1095007	1.24882924311524	1.05872700493388	1.47306573950777	*
C_5	RPE1_c2_MSH2_7_3	[DelC]567	73	67	1046160	1095007	1.14043509608494	0.818567003613142	1.58886468992945	
C_5	EXO1_KO22_d2	[DelC]567	0	0	1046160	1095007	1	1	1	
C_5	POLE_L424V_d2	[InsC]567	2	4	1046160	1095007	0.523344944071546	0.0958572474810022	2.85726888349815	
C_5	DheML6d1	[InsC]567	219	156	1046160	1095007	1.46949241437578	1.19668688815867	1.80448869063035	*
C_5	POLE_P8_5	[DelC]567	1	0	1046160	1095007	1	1	1	
C_5	E_MSHd1	[DelC]567	46	75	1046160	1095007	0.641955172508286	0.444723892877036	0.926656854085618	*
C_5	RPE1_c2_MSH2_7_3	[InsC]567	34	34	1046160	1095007	1.04669322815798	0.65068296368209	1.68371814696389	
C_5	EXO1_KO22_d2	[InsC]567	1	0	1046160	1095007	1	1	1	
C_5	POLE_L424V_d3	[DelC]567	2	0	1046160	1095007	1	1	1	
C_5	DheML6d3	[DelC]567	241	277	1046160	1095007	0.910638989193836	0.766225523398176	1.08227061526511	
C_5	POLE_P8_5	[InsC]567	2	1	1046160	1095007	2.09338551155753	0.189820817733182	23.0863134630409	
C_5	E_MSHd1	[InsC]567	28	31	1046160	1095007	0.945397503035144	0.567140061079953	1.57593599902491	
C_5	RPE1_c2_MSH2_9_2	[DelC]567	62	57	1046160	1095007	1.13851498197495	0.794579658388636	1.6313233676408	
C_5	EXO1_KO22_d3	[DelC]567	0	1	1046160	1095007	1	1	1	
C_5	POLE_L424V_d3	[InsC]567	3	2	1046160	1095007	1.57003920061712	0.262344812394749	9.39611905786543	
C_5	DheML6d3	[InsC]567	226	153	1046160	1095007	1.5462116350185	1.25934893390245	1.89841779026095	*
C_5	RPE1_c2_MSH2_7_1	[DelC]567	52	56	1046160	1095007	0.971926621616233	0.666351013757134	1.41763325680276	
C_5	E_MSHd2	[DelC]567	39	63	1046160	1095007	0.64793888679271	0.434608154222064	0.965984639127745	*
C_5	RPE1_c2_MSH2_9_2	[InsC]567	64	37	1046160	1095007	1.81054335564056	1.20784667701328	2.7139762894079	*
C_5	EXO1_KO22_d3	[InsC]567	0	0	1046160	1095007	1	1	1	
C_5	POLE_P8_1	[DelC]567	0	3	1046160	1095007	1	1	1	
C_5	DheMS6d2	[DelC]567	494	534	1046160	1095007	0.968272855524918	0.856738483888088	1.09432731268419	
C_5	RPE1_c2_MSH2_7_1	[InsC]567	38	35	1046160	1095007	1.13641309795334	0.717981338692817	1.79870236119387	
C_5	E_MSHd2	[InsC]567	35	43	1046160	1095007	0.851953416123179	0.545294651369646	1.33106866429161	
C_5	RPE1_c2_MSH2_9_3	[DelC]567	65	62	1046160	1095007	1.09734413191672	0.774876256622677	1.55400831237292	
C_5	MLH_A	[DelC]567	49	46	1046160	1095007	1.11495959797765	0.745598849910886	1.66729724069594	
C_5	POLE_P8_1	[InsC]567	2	6	1046160	1095007	0.348895992128659	0.0704193247986582	1.72862227338142	
C_5	DheMS6d2	[InsC]567	266	209	1046160	1095007	1.33223756205435	1.11145761248529	1.59687324267799	*
C_5	RPE1_c2_MSH2_7_2	[DelC]567	64	51	1046160	1095007	1.31351465962259	0.90919415409255	1.89763732342235	
C_5	EXO1_KO22_d1	[DelC]567	0	0	1046160	1095007	1	1	1	
C_5	RPE1_c2_MSH2_9_3	[InsC]567	45	36	1046160	1095007	1.30837790300302	0.844102510227639	2.02801521891567	
C_5	MLH_A	[InsC]567	31	28	1046160	1095007	1.15884195789566	0.695184508814949	1.9317385044564	
C_5	POLE_P8_2	[DelC]567	2	1	1046160	1095007	2.09338551155753	0.189820817733182	23.0863134630409	
C_5	MSH3_KO5_d3	[DelC]567	1	6	1046160	1095007	0.17444782931339	0.0210020692453417	1.44900222909719	
C_5	RPE1_c2_MSH2_7_2	[InsC]567	38	28	1046160	1095007	1.42052545360047	0.871860397193833	2.31446751202555	
C_5	EXO1_KO22_d1	[InsC]567	0	0	1046160	1095007	1	1	1	
C_5	RPE1_c2_OGG1_11_1	[DelC]567	1	0	1046160	1095007	1	1	1	
C_5	MLH1_2	[DelC]567	47	40	1046160	1095007	1.22987308732422	0.806763350751737	1.87488413983479	
C_5	MSH3_KO5_d4	[InsC]567	0	0	1046160	1095007	1	1	1	
C_5	MSH3_KO5_d3	[InsC]567	1	0	1046160	1095007	1	1	1	
C_5	RPE1_c2_OGG1_11_2	[InsC]567	0	0	1046160	1095007	1	1	1	
C_5	RPE1_c2_OGG1_11_1	[InsC]567	0	0	1046160	1095007	1	1	1	
C_5	MLH1_5	[InsC]567	31	28	1046160	1095007	1.15884195789566	0.695184508814949	1.9317385044564	
C_5	MLH1_2	[InsC]567	35	32	1046160	1095007	1.1448239036922	0.708834736210137	1.84898073346747	
C_5	POD478_1	[DelC]567	0	0	1046160	1095007	1	1	1	
C_5	MSH3_KO5_d4	[DelC]567	1	0	1046160	1095007	1	1	1	
C_5	RPE1_c2_OGG1_1110	[DelC]567	1	0	1046160	1095007	1	1	1	
C_5	RPE1_c2_OGG1_11_2	[DelC]567	0	0	1046160	1095007	1	1	1	
C_5	MSH3_KO5_d1	[DelC]567	1	0	1046160	1095007	1	1	1	
C_5	MLH1_5	[DelC]567	51	46	1046160	1095007	1.16047037163431	0.779017481816713	1.72870508669526	
C_5	POD478_1	[InsC]567	2	3	1046160	1095007	0.697793896014432	0.116597476463116	4.17604510908117	
C_5	RPE1_WT_1	[InsC]567	1	0	1046160	1095007	1	1	1	
C_5	RPE1_c2_OGG1_1110	[InsC]567	0	0	1046160	1095007	1	1	1	
C_5	SETD2_KO15_d3	[DelC]567	0	0	1046160	1095007	1	1	1	
C_5	MSH3_KO5_d1	[InsC]567	0	0	1046160	1095007	1	1	1	
C_5	POD689_1	[DelC]567	3	1	1046160	1095007	3.14008126887264	0.326630938776597	30.1873129718088	
C_5	POD478_2	[DelC]567	3	2	1046160	1095007	1.57003920061712	0.262344812394749	9.39611905786543	
C_5	RPE1_WT_2	[DelC]567	0	0	1046160	1095007	1	1	1	
C_5	RPE1_WT_1	[DelC]567	0	0	1046160	1095007	1	1	1	
C_5	SETD2_KO15_d3	[InsC]567	0	0	1046160	1095007	1	1	1	
C_5	RPE1_WT_U2	[InsC]567	1	1	1046160	1095007	1.04669175526856	0.0654692663204547	16.7340141736839	
C_5	POD689_1	[InsC]567	0	1	1046160	1095007	1	1	1	
C_5	POD478_2	[InsC]567	5	3	1046160	1095007	1.7444897425971	0.416905491749292	7.29960272112837	
C_5	RPE1_WT_2	[InsC]567	0	0	1046160	1095007	1	1	1	
C_5	SETD2_KO19_d4	[DelC]567	0	0	1046160	1095007	1	1	1	
C_5	SETD2_KO19_d3	[DelC]567	0	0	1046160	1095007	1	1	1	
C_5	POLE_L424V_d1	[DelC]567	2	0	1046160	1095007	1	1	1	
C_5	POD689_2	[DelC]567	0	0	1046160	1095007	1	1	1	
C_5	RPE1_WT_U2	[DelC]567	2	0	1046160	1095007	1	1	1	
C_5	RPE1_WT_U1	[DelC]567	0	0	1046160	1095007	1	1	1	
C_5	SETD2_KO19_d4	[InsC]567	2	0	1046160	1095007	1	1	1	
C_5	SETD2_KO19_d3	[InsC]567	1	0	1046160	1095007	1	1	1	
C_5	POLE_L424V_d1	[InsC]567	3	3	1046160	1095007	1.04669184453194	0.211258755122534	5.18588598505291	
C_5	POD689_2	[InsC]567	0	1	1046160	1095007	1	1	1	
C_5	POLE_L424V_d2	[DelC]567	1	3	1046160	1095007	0.348896614504424	0.0362921908618263	3.35413334720137	
C_5	RPE1_WT_U1	[InsC]567	1	0	1046160	1095007	1	1	1	
C_8	DheML6d3	[DelC]89	12	10	6413	6166	1.15406967661303	0.498256172774777	2.6730764037714	
C_8	DheML6d1	[DelC]89	8	4	6413	6166	1.92412177985948	0.579107170234083	6.39302155805312	
C_8	EXO1_KO22_d2	[InsC]89	0	0	6413	6166	1	1	1	
C_8	DheMS6d3	[InsC]89	16	11	6413	6166	1.39951966120483	0.648990958955529	3.01800087516024	
C_8	EXO1_KO22_d3	[DelC]89	0	0	6413	6166	1	1	1	
C_8	EXO1_KO22_d2	[DelC]89	0	0	6413	6166	1	1	1	
C_8	DheML6d3	[InsC]89	11	13	6413	6166	0.813243457573355	0.364061808040491	1.81662812928816	
C_8	DheML6d1	[InsC]89	9	8	6413	6166	1.08178482198626	0.417111696680794	2.80562355453535	
C_8	E_MSHd2	[DelC]89	1	1	6413	6166	0.961478477854024	0.0601261027285552	15.3750338276533	
C_8	E_MSHd1	[DelC]89	2	1	6413	6166	1.92325690219934	0.174350023481573	21.215466668683	
C_8	EXO1_KO22_d3	[InsC]89	0	0	6413	6166	1	1	1	
C_8	DheMS6d3	[DelC]89	14	8	6413	6166	1.68409126426004	0.706000445847332	4.01722605564796	
C_8	DheMS6d2	[DelC]89	14	13	6413	6166	1.03552237729453	0.486356633123411	2.20477427642201	
C_8	EXO1_KO22_d1	[InsC]89	0	0	6413	6166	1	1	1	
C_8	E_MSHd2	[InsC]89	3	3	6413	6166	0.961466458658346	0.193983643391789	4.76544174014699	
C_8	E_MSHd1	[InsC]89	1	3	6413	6166	0.320388854231649	0.0333178706370421	3.08089970797071	
C_8	MLH_A	[DelC]89	3	2	6413	6166	1.44243369734789	0.240940806748572	8.63537812179692	
C_8	MSH3_KO5_d3	[InsC]89	0	0	6413	6166	1	1	1	
C_8	DheMS6d2	[InsC]89	10	11	6413	6166	0.873880141410986	0.370872723184616	2.05910667949646	
C_8	POD689_1	[DelC]89	0	0	6413	6166	1	1	1	
C_8	EXO1_KO22_d1	[DelC]89	0	0	6413	6166	1	1	1	
C_8	MLH1_2	[InsC]89	11	5	6413	6166	2.11718213058419	0.735195744289283	6.09696153559517	
C_8	MLH_A	[InsC]89	10	7	6413	6166	1.37413266102943	0.522729429295813	3.61227140521155	
C_8	MSH3_KO5_d4	[DelC]89	0	0	6413	6166	1	1	1	
C_8	POD689_2	[InsC]89	0	0	6413	6166	1	1	1	
C_8	POD689_1	[InsC]89	0	0	6413	6166	1	1	1	
C_8	MSH3_KO5_d1	[DelC]89	0	0	6413	6166	1	1	1	
C_8	MLH1_5	[DelC]89	7	3	6413	6166	2.24482256218129	0.580230870515828	8.68486768240764	
C_8	MLH1_2	[DelC]89	6	4	6413	6166	1.44264086155767	0.406911651851988	5.11465485434881	
C_8	MSH3_KO5_d4	[InsC]89	0	0	6413	6166	1	1	1	
C_8	POLE_L424V_d1	[DelC]89	0	0	6413	6166	1	1	1	
C_8	POD689_2	[DelC]89	0	0	6413	6166	1	1	1	
C_8	MSH3_KO5_d1	[InsC]89	0	0	6413	6166	1	1	1	
C_8	MLH1_5	[InsC]89	11	6	6413	6166	1.76403207331042	0.651986035099671	4.77281565577116	
C_8	POD478_2	[DelC]89	0	0	6413	6166	1	1	1	
C_8	POD478_1	[DelC]89	0	0	6413	6166	1	1	1	
C_8	POLE_L424V_d1	[InsC]89	0	0	6413	6166	1	1	1	
C_8	RPE1_WT_1	[DelC]89	0	0	6413	6166	1	1	1	
C_8	MSH3_KO5_d3	[DelC]89	0	0	6413	6166	1	1	1	
C_8	RPE1_WT_U2	[InsC]89	0	0	6413	6166	1	1	1	
C_8	POD478_2	[InsC]89	1	0	6413	6166	1	1	1	
C_8	POD478_1	[InsC]89	0	0	6413	6166	1	1	1	
C_8	POLE_L424V_d2	[DelC]89	0	0	6413	6166	1	1	1	
C_8	RPE1_WT_1	[InsC]89	0	0	6413	6166	1	1	1	
C_8	POLE_P8_2	[InsC]89	0	0	6413	6166	1	1	1	
C_8	SETD2_KO15_d3	[DelC]89	0	0	6413	6166	1	1	1	
C_8	RPE1_c2_MSH2_7_3	[DelC]89	6	11	6413	6166	0.524000737829363	0.19367060386195	1.41775141797687	
C_8	RPE1_c2_OGG1_11_1	[InsC]89	0	0	6413	6166	1	1	1	
C_8	POLE_L424V_d2	[InsC]89	0	0	6413	6166	1	1	1	
C_8	RPE1_WT_2	[DelC]89	0	0	6413	6166	1	1	1	
C_8	POLE_P8_5	[DelC]89	0	0	6413	6166	1	1	1	
C_8	SETD2_KO15_d3	[InsC]89	0	0	6413	6166	1	1	1	
C_8	RPE1_c2_MSH2_7_3	[InsC]89	4	8	6413	6166	0.480418161959744	0.144592510550164	1.59622105918623	
C_8	RPE1_c2_OGG1_11_2	[DelC]89	0	0	6413	6166	1	1	1	
C_8	POLE_L424V_d3	[DelC]89	0	0	6413	6166	1	1	1	
C_8	RPE1_WT_2	[InsC]89	0	0	6413	6166	1	1	1	
C_8	POLE_P8_5	[InsC]89	0	0	6413	6166	1	1	1	
C_8	SETD2_KO19_d3	[DelC]89	0	0	6413	6166	1	1	1	
C_8	RPE1_c2_MSH2_9_2	[DelC]89	12	13	6413	6166	0.887313280376864	0.404561866124625	1.94611732706072	
C_8	RPE1_c2_OGG1_11_2	[InsC]89	0	0	6413	6166	1	1	1	
C_8	POLE_L424V_d3	[InsC]89	0	0	6413	6166	1	1	1	
C_8	RPE1_WT_U1	[DelC]89	0	0	6413	6166	1	1	1	
C_8	RPE1_c2_MSH2_7_1	[DelC]89	15	9	6413	6166	1.60388663123893	0.701381031553718	3.66769588873596	
C_8	SETD2_KO19_d3	[InsC]89	0	1	6413	6166	1	1	1	
C_8	RPE1_c2_MSH2_9_2	[InsC]89	4	10	6413	6166	0.3842097051022	0.120437477250043	1.22567410797096	
C_8	RPE1_c2_OGG1_1110	[DelC]89	0	0	6413	6166	1	1	1	
C_8	POLE_P8_1	[DelC]89	0	0	6413	6166	1	1	1	
C_8	RPE1_WT_U1	[InsC]89	0	0	6413	6166	1	1	1	
C_8	RPE1_c2_MSH2_7_1	[InsC]89	5	7	6413	6166	0.686530230069556	0.217778843318628	2.16423115127751	
C_8	SETD2_KO19_d4	[DelC]89	0	0	6413	6166	1	1	1	
C_8	RPE1_c2_MSH2_9_3	[DelC]89	12	8	6413	6166	1.44305577253554	0.589477952487779	3.53263417886917	
C_8	RPE1_c2_OGG1_1110	[InsC]89	0	0	6413	6166	1	1	1	
C_8	POLE_P8_1	[InsC]89	0	0	6413	6166	1	1	1	
C_8	RPE1_WT_U2	[DelC]89	0	0	6413	6166	1	1	1	
C_8	RPE1_c2_MSH2_7_2	[DelC]89	11	4	6413	6166	2.64690721649485	0.84238765266739	8.31697590835748	
C_8	SETD2_KO19_d4	[InsC]89	0	0	6413	6166	1	1	1	
C_8	RPE1_c2_MSH2_9_3	[InsC]89	8	4	6413	6166	1.92412177985948	0.579107170234083	6.39302155805312	
C_8	POLE_P8_2	[DelC]89	0	1	6413	6166	1	1	1	
C_8	RPE1_c2_MSH2_7_2	[InsC]89	6	9	6413	6166	0.640653451953592	0.22789953969612	1.80095513157828	
C_8	RPE1_c2_OGG1_11_1	[DelC]89	0	0	6413	6166	1	1	1	
T_2	MLH_A	[InsT]234	28	24	89310261	87254718	1.13981499745947	0.660772441500111	1.96615074545799	
T_2	MSH3_KO5_d3	[DelT]234	3	9	89310261	87254718	0.325661392670034	0.0881654778780763	1.20291235558718	
T_2	POD478_2	[InsT]234	56	50	89310261	87254718	1.09422241456058	0.747288022022451	1.60222385110142	
T_2	MLH1_2	[DelT]234	63	62	89310261	87254718	0.992742051263735	0.699139646594128	1.40964224407583	
T_2	DheML6d1	[DelT]234	681	504	89310261	87254718	1.32009424928754	1.17649338437553	1.48122280171343	*
T_2	MSH3_KO5_d3	[InsT]234	0	2	89310261	87254718	1	1	1	
T_2	DheMS6d3	[InsT]234	654	660	89310261	87254718	0.968102337421652	0.868873683882167	1.07866327765126	
T_2	POD689_1	[DelT]234	2	1	89310261	87254718	1.95396851329252	0.177179237632714	21.5487604639836	
T_2	EXO1_KO22_d2	[DelT]234	2	1	89310261	87254718	1.95396851329252	0.177179237632714	21.5487604639836	
T_2	MLH1_2	[InsT]234	27	21	89310261	87254718	1.25612267938489	0.710180620737629	2.22175055132629	
T_2	DheML6d1	[InsT]234	525	485	89310261	87254718	1.05756060461383	0.934750080386965	1.19650637737113	
T_2	MSH3_KO5_d4	[DelT]234	3	3	89310261	87254718	0.976984245191633	0.197189778350079	4.84050554414694	
T_2	E_MSHd1	[DelT]234	550	772	89310261	87254718	0.696036127165324	0.623929455290739	0.776476068265683	*
T_2	POD689_1	[InsT]234	12	6	89310261	87254718	1.95396862010764	0.733359283384272	5.20617036542617	
T_2	EXO1_KO22_d2	[InsT]234	1	0	89310261	87254718	1	1	1	
T_2	MLH1_5	[DelT]234	60	68	89310261	87254718	0.862044830229679	0.609203578567972	1.21982423522944	
T_2	DheML6d3	[DelT]234	574	422	89310261	87254718	1.3288858985562	1.17194029088639	1.50684957682089	*
T_2	MSH3_KO5_d4	[InsT]234	0	0	89310261	87254718	1	1	1	
T_2	E_MSHd1	[InsT]234	216	303	89310261	87254718	0.696463282811165	0.584922525774435	0.82927410542428	*
T_2	POD689_2	[DelT]234	2	2	89310261	87254718	0.976984245449339	0.137621411432265	6.93568105371452	
T_2	EXO1_KO22_d3	[DelT]234	1	4	89310261	87254718	0.24424605302907	0.0272995374804	2.18524341165523	
T_2	MLH1_5	[InsT]234	22	29	89310261	87254718	0.741160398695468	0.425843847946615	1.28995344007715	
T_2	DheML6d3	[InsT]234	434	393	89310261	87254718	1.07890919452179	0.941268478536465	1.23667697003259	
T_2	POD478_1	[DelT]234	8	2	89310261	87254718	3.90793724433856	0.8298768745998	18.4026980063196	
T_2	E_MSHd2	[DelT]234	595	814	89310261	87254718	0.714132771608835	0.642492016842976	0.793761793324128	*
T_2	POD689_2	[InsT]234	13	8	89310261	87254718	1.58759948522369	0.658030864996132	3.83032507980813	
T_2	EXO1_KO22_d3	[InsT]234	0	0	89310261	87254718	1	1	1	
T_2	MSH3_KO5_d1	[DelT]234	8	2	89310261	87254718	3.90793724433856	0.8298768745998	18.4026980063196	
T_2	DheMS6d2	[DelT]234	1195	959	89310261	87254718	1.21741289229513	1.11823903091117	1.32538223882129	*
T_2	POD478_1	[InsT]234	45	25	89310261	87254718	1.75857202495177	1.07853229045308	2.86739265418175	*
T_2	E_MSHd2	[InsT]234	243	272	89310261	87254718	0.872820138408872	0.734156396545093	1.03767398553925	
T_2	POLE_L424V_d1	[DelT]234	14	15	89310261	87254718	0.911851949082617	0.44015726278751	1.88903841272561	
T_2	MLH_A	[DelT]234	67	60	89310261	87254718	1.09096580956929	0.770047028436779	1.54562819372906	
T_2	MSH3_KO5_d1	[InsT]234	2	0	89310261	87254718	1	1	1	
T_2	DheMS6d2	[InsT]234	583	616	89310261	87254718	0.924645312315905	0.825641928986576	1.03552027043636	
T_2	POD478_2	[DelT]234	6	9	89310261	87254718	0.651322807218499	0.231832150429831	1.82986440153557	
T_2	EXO1_KO22_d1	[DelT]234	4	1	89310261	87254718	3.90793711409878	0.436792629376444	34.9638969630797	
T_2	POLE_L424V_d1	[InsT]234	22	25	89310261	87254718	0.859746101899918	0.484776724280559	1.5247501018723	
T_2	POLE_P8_5	[DelT]234	5	3	89310261	87254718	1.62830711178344	0.389140642452002	6.81343391319393	
T_2	POLE_P8_2	[DelT]234	12	17	89310261	87254718	0.689635896626588	0.329371030539246	1.44395719665239	
T_2	DheMS6d3	[DelT]234	1301	991	89310261	87254718	1.2826040198762	1.18087283015168	1.39309926505064	*
T_2	RPE1_c2_MSH2_7_2	[InsT]234	23	27	89310261	87254718	0.832245795953551	0.477222910562718	1.45138267579325	
T_2	EXO1_KO22_d1	[InsT]234	3	2	89310261	87254718	1.46547638458283	0.244873433166688	8.77033088480472	
T_2	POLE_L424V_d2	[DelT]234	8	6	89310261	87254718	1.30264568839593	0.451985929076137	3.75428897303278	
T_2	POLE_P8_5	[InsT]234	9	21	89310261	87254718	0.418707475406711	0.191771417409671	0.914192283341907	*
T_2	POLE_P8_2	[InsT]234	20	19	89310261	87254718	1.02840447579743	0.548872671320967	1.92688727477511	
T_2	RPE1_c2_MSH2_9_2	[DelT]234	51	43	89310261	87254718	1.15874884749433	0.772254443981492	1.73867421810734	
T_2	RPE1_c2_MSH2_7_3	[DelT]234	56	47	89310261	87254718	1.16406643849176	0.789934184490164	1.71539692778009	
T_2	POLE_L424V_d3	[InsT]234	9	9	89310261	87254718	0.976984243645399	0.387817393926017	2.46120526639777	
T_2	POLE_L424V_d2	[InsT]234	5	12	89310261	87254718	0.407076735957402	0.143413371235328	1.15548130226864	
T_2	RPE1_c2_MSH2_7_1	[DelT]234	56	44	89310261	87254718	1.24343464750447	0.837806024638265	1.84545070952687	
T_2	RPE1_c2_MSH2_9_3	[InsT]234	37	30	89310261	87254718	1.20494732159669	0.744460886008981	1.95026773751215	
T_2	RPE1_c2_MSH2_9_2	[InsT]234	32	24	89310261	87254718	1.30264576972476	0.767318397162963	2.21144965070014	
T_2	RPE1_c2_MSH2_7_3	[InsT]234	25	19	89310261	87254718	1.28550566671534	0.707957291933083	2.33421540817104	
T_2	POLE_P8_1	[DelT]234	16	7	89310261	87254718	2.23310706883148	0.918704975600323	5.42803980963154	
T_2	POLE_L424V_d3	[DelT]234	14	15	89310261	87254718	0.911851949082617	0.44015726278751	1.88903841272561	
T_2	RPE1_c2_MSH2_7_1	[InsT]234	25	31	89310261	87254718	0.787890461564967	0.465216928983912	1.33436971174048	
T_2	RPE1_c2_OGG1_11_1	[DelT]234	4	1	89310261	87254718	3.90793711409878	0.436792629376444	34.9638969630797	
T_2	RPE1_c2_MSH2_9_3	[DelT]234	64	47	89310261	87254718	1.33036176315831	0.912968285551223	1.93858039636624	
T_2	RPE1_WT_1	[InsT]234	1	0	89310261	87254718	1	1	1	
T_2	POLE_P8_1	[InsT]234	23	32	89310261	87254718	0.702207350096861	0.410938544720199	1.19992434115859	
T_2	SETD2_KO15_d3	[DelT]234	3	2	89310261	87254718	1.46547638458283	0.244873433166688	8.77033088480472	
T_2	RPE1_c2_MSH2_7_2	[DelT]234	55	65	89310261	87254718	0.826678870618317	0.577280543169014	1.18382294919421	
T_2	RPE1_c2_OGG1_11_1	[InsT]234	2	2	89310261	87254718	0.976984245449339	0.137621411432265	6.93568105371452	
T_2	RPE1_WT_U1	[DelT]234	7	5	89310261	87254718	1.36777797317652	0.434113208640278	4.30951315618016	
T_2	RPE1_WT_2	[DelT]234	7	1	89310261	87254718	6.83889017939642	0.841420123671331	55.5850966361175	
T_2	RPE1_WT_1	[DelT]234	3	1	89310261	87254718	2.93095280275643	0.304877894461962	28.1768028710182	
T_2	SETD2_KO15_d3	[InsT]234	0	0	89310261	87254718	1	1	1	
T_2	RPE1_WT_U2	[InsT]234	3	3	89310261	87254718	0.976984245191633	0.197189778350079	4.84050554414694	
T_2	RPE1_c2_OGG1_11_2	[DelT]234	2	0	89310261	87254718	1	1	1	
T_2	RPE1_WT_U1	[InsT]234	5	0	89310261	87254718	1	1	1	
T_2	RPE1_WT_2	[InsT]234	0	4	89310261	87254718	1	1	1	
T_2	SETD2_KO19_d4	[DelT]234	2	1	89310261	87254718	1.95396851329252	0.177179237632714	21.5487604639836	
T_2	SETD2_KO19_d3	[DelT]234	0	3	89310261	87254718	1	1	1	
T_2	RPE1_c2_OGG1_1110	[InsT]234	1	1	89310261	87254718	0.976984245707044	0.0611092265621488	15.6195433988847	
T_2	RPE1_c2_OGG1_11_2	[InsT]234	1	0	89310261	87254718	1	1	1	
T_2	RPE1_WT_U2	[DelT]234	7	4	89310261	87254718	1.70972248606526	0.500503139618468	5.84042486044242	
T_2	RPE1_c2_OGG1_1110	[DelT]234	1	1	89310261	87254718	0.976984245707044	0.0611092265621488	15.6195433988847	
T_2	SETD2_KO19_d4	[InsT]234	2	0	89310261	87254718	1	1	1	
T_2	SETD2_KO19_d3	[InsT]234	1	0	89310261	87254718	1	1	1	
T_5	E_MSHd1	[DelT]567	507	588	5175406	4860060	0.809688254548642	0.718997300314175	0.91181854127624	*
T_5	POLE_L424V_d1	[InsT]567	159	213	5175406	4860060	0.700985501305746	0.570817147155439	0.860837267222213	*
T_5	POLE_L424V_d3	[DelT]567	35	39	5175406	4860060	0.842752588692155	0.533960677197271	1.3301202805332	
T_5	POLE_L424V_d2	[DelT]567	16	15	5175406	4860060	1.00167291740333	0.495228499849079	2.02603168792802	
T_5	DheML6d3	[DelT]567	792	687	5175406	4860060	1.08260672779284	0.977436757049768	1.19909274805658	
T_5	DheML6d1	[DelT]567	706	598	5175406	4860060	1.10868081021678	0.994253787211812	1.23627704993702	
T_5	E_MSHd1	[InsT]567	1486	1849	5175406	4860060	0.75463781151724	0.704820256571875	0.807976531976215	*
T_5	DheMS6d3	[InsT]567	2362	1818	5175406	4860060	1.22016618832895	1.14777367060917	1.29712465555255	*
T_5	POLE_L424V_d3	[InsT]567	88	118	5175406	4860060	0.70031706755483	0.531377680091279	0.92296687174431	*
T_5	POLE_L424V_d2	[InsT]567	90	113	5175406	4860060	0.747926164854013	0.567019339846582	0.986551090522921	*
T_5	DheML6d3	[InsT]567	1827	1316	5175406	4860060	1.30381385061421	1.21460547019898	1.39957426404062	*
T_5	DheML6d1	[InsT]567	1932	1450	5175406	4860060	1.25132144847164	1.1689300713877	1.33952013532024	*
T_5	E_MSHd2	[DelT]567	552	666	5175406	4860060	0.778303279249586	0.695266296472767	0.871257527603146	*
T_5	POLE_P8_2	[DelT]567	14	11	5175406	4860060	1.1951784346173	0.542592081646709	2.63264345148397	
T_5	POLE_P8_1	[DelT]567	14	14	5175406	4860060	0.939068190390216	0.447685200420182	1.96979722665632	
T_5	DheMS6d3	[DelT]567	1437	1171	5175406	4860060	1.15242594883608	1.06683764883264	1.24488067045998	*
T_5	DheMS6d2	[DelT]567	1165	963	5175406	4860060	1.13607905739339	1.04311691567335	1.23732594616654	*
T_5	EXO1_KO22_d1	[InsT]567	9	7	5175406	4860060	1.20737396018674	0.449651670462179	3.24195811001579	
T_5	E_MSHd2	[InsT]567	1528	1828	5175406	4860060	0.784890783153575	0.733330023534897	0.840076802678618	*
T_5	POLE_P8_2	[InsT]567	117	204	5175406	4860060	0.538572889927727	0.429071278153155	0.676019982072927	*
T_5	POLE_P8_1	[InsT]567	138	176	5175406	4860060	0.736307929103645	0.589215927587275	0.920120012167518	*
T_5	RPE1_c2_MSH2_7_3	[DelT]567	294	305	5175406	4860060	0.905194930571741	0.771205288910331	1.06246400811192	
T_5	DheMS6d2	[InsT]567	1962	1527	5175406	4860060	1.20666126156081	1.12858052488412	1.29014400660603	*
T_5	EXO1_KO22_d2	[DelT]567	2	4	5175406	4860060	0.469533972613539	0.0860012303520075	2.56347671464569	
T_5	EXO1_KO22_d1	[DelT]567	1	3	5175406	4860060	0.313022652333489	0.0325606255388567	3.00925363847702	
T_5	POLE_P8_5	[DelT]567	9	3	5175406	4860060	2.8172082257651	0.762695172645208	10.4060737132927	
T_5	RPE1_c2_MSH2_9_2	[InsT]567	243	253	5175406	4860060	0.901946425030172	0.756350599538066	1.07556912643627	
T_5	RPE1_c2_MSH2_7_3	[InsT]567	298	217	5175406	4860060	1.28961285036019	1.0826676606253	1.53611432602836	*
T_5	EXO1_KO22_d3	[InsT]567	6	7	5175406	4860060	0.804915506875935	0.270511148256767	2.39505461192443	
T_5	EXO1_KO22_d2	[InsT]567	13	8	5175406	4860060	1.52598739844491	0.632493266098527	3.68167957672758	
T_5	RPE1_c2_MSH2_7_1	[InsT]567	265	200	5175406	4860060	1.24427807860694	1.0355850865349	1.49502726239733	*
T_5	POLE_P8_5	[InsT]567	103	123	5175406	4860060	0.786370062093643	0.605253741955611	1.02168368684371	
T_5	RPE1_c2_MSH2_9_3	[DelT]567	359	369	5175406	4860060	0.913613355958037	0.790057935314553	1.05649133674302	
T_5	RPE1_c2_MSH2_9_2	[DelT]567	321	318	5175406	4860060	0.947924260691662	0.811754537212821	1.10693610299126	
T_5	MLH_A	[DelT]567	394	382	5175406	4860060	0.968565491613317	0.841407946329892	1.11493968607748	
T_5	EXO1_KO22_d3	[DelT]567	2	2	5175406	4860060	0.939068331670339	0.132280394670567	6.66651572776363	
T_5	RPE1_c2_MSH2_7_2	[DelT]567	350	335	5175406	4860060	0.981114914865785	0.844610696195268	1.13968066057922	
T_5	RPE1_c2_MSH2_7_1	[DelT]567	299	291	5175406	4860060	0.964882638543941	0.821068063762169	1.13388712489637	
T_5	RPE1_c2_MSH2_9_3	[InsT]567	326	258	5175406	4860060	1.1865864965395	1.00778748817448	1.39710755520525	*
T_5	MLH_A	[InsT]567	133	122	5175406	4860060	1.02373906287601	0.800718707722723	1.30887621177097	
T_5	RPE1_WT_1	[DelT]567	0	3	5175406	4860060	1	1	1	
T_5	MSH3_KO5_d3	[DelT]567	17	12	5175406	4860060	1.33034792167313	0.635375332819346	2.78548048890534	
T_5	RPE1_c2_MSH2_7_2	[InsT]567	231	189	5175406	4860060	1.14775680693568	0.947023805027934	1.39103756513103	
T_5	POD478_2	[InsT]567	175	116	5175406	4860060	1.4167120402868	1.12038391057586	1.79141541229559	*
T_5	RPE1_c2_OGG1_11_1	[DelT]567	4	2	5175406	4860060	1.87813738913422	0.344005195910704	10.2539150408052	
T_5	MLH1_2	[DelT]567	414	359	5175406	4860060	1.0829434011349	0.940192188489211	1.24736880865405	
T_5	RPE1_WT_1	[InsT]567	2	4	5175406	4860060	0.469533972613539	0.0860012303520075	2.56347671464569	
T_5	MSH3_KO5_d3	[InsT]567	11	3	5175406	4860060	3.44325582878215	0.960612676825798	12.3421343362016	
T_5	SETD2_KO15_d3	[DelT]567	3	3	5175406	4860060	0.93906831989702	0.189536925624964	4.65265175388105	
T_5	POD689_1	[DelT]567	1	0	5175406	4860060	1	1	1	
T_5	RPE1_c2_OGG1_11_1	[InsT]567	6	5	5175406	4860060	1.12688217335858	0.343914191718709	3.69238450523726	
T_5	MLH1_2	[InsT]567	153	123	5175406	4860060	1.1681143874135	0.921298970062419	1.48105150056769	
T_5	RPE1_WT_2	[DelT]567	5	5	5175406	4860060	0.93906829635037	0.271862799873119	3.24372906341711	
T_5	MSH3_KO5_d4	[DelT]567	4	6	5175406	4860060	0.626045281120191	0.176667738516682	2.21847348759632	
T_5	SETD2_KO15_d3	[InsT]567	12	6	5175406	4860060	1.87813874653794	0.704898459052836	5.00413230578892	
T_5	POD689_1	[InsT]567	17	12	5175406	4860060	1.33034792167313	0.635375332819346	2.78548048890534	
T_5	RPE1_c2_OGG1_11_2	[DelT]567	2	2	5175406	4860060	0.939068331670339	0.132280394670567	6.66651572776363	
T_5	MLH1_5	[DelT]567	356	325	5175406	4860060	1.02864299936158	0.885031110430971	1.1955584472283	
T_5	RPE1_WT_2	[InsT]567	5	6	5175406	4860060	0.782556752607189	0.238829204516378	2.56415488336609	
T_5	MSH3_KO5_d4	[InsT]567	5	3	5175406	4860060	1.56511447132309	0.374038373297392	6.54901604546691	
T_5	SETD2_KO19_d3	[DelT]567	1	0	5175406	4860060	1	1	1	
T_5	POD689_2	[DelT]567	1	0	5175406	4860060	1	1	1	
T_5	RPE1_c2_OGG1_11_2	[InsT]567	6	9	5175406	4860060	0.626045136607798	0.222834648380933	1.75884906551998	
T_5	MLH1_5	[InsT]567	125	123	5175406	4860060	0.954336656474046	0.744036170787002	1.22407819626122	
T_5	RPE1_WT_U1	[DelT]567	7	2	5175406	4860060	3.28674233619476	0.682788035698041	15.8214183901025	
T_5	POD478_1	[DelT]567	4	5	5175406	4860060	0.751254491921594	0.201736032165091	2.79763265677055	
T_5	SETD2_KO19_d3	[InsT]567	6	1	5175406	4860060	5.63441550411562	0.67833771780976	46.8006381475044	
T_5	POD689_2	[InsT]567	15	3	5175406	4860060	4.69535248641117	1.35931718524349	16.2186833293795	*
T_5	RPE1_c2_OGG1_1110	[DelT]567	2	0	5175406	4860060	1	1	1	
T_5	MSH3_KO5_d1	[DelT]567	5	4	5175406	4860060	1.17383561196514	0.315212676021703	4.37130277026901	
T_5	RPE1_WT_U1	[InsT]567	10	12	5175406	4860060	0.782556542533171	0.338105786578642	1.8112518820172	
T_5	POD478_1	[InsT]567	161	105	5175406	4860060	1.43991849661224	1.12606258117638	1.84125226390174	*
T_5	SETD2_KO19_d4	[DelT]567	1	0	5175406	4860060	1	1	1	
T_5	POLE_L424V_d1	[DelT]567	37	20	5175406	4860060	1.73728172812412	1.00839189974867	2.99303059021612	*
T_5	RPE1_c2_OGG1_1110	[InsT]567	10	8	5175406	4860060	1.1738357799094	0.463283295838837	2.97418545104385	
T_5	MSH3_KO5_d1	[InsT]567	1	0	5175406	4860060	1	1	1	
T_5	RPE1_WT_U2	[DelT]567	6	5	5175406	4860060	1.12688217335858	0.343914191718709	3.69238450523726	
T_5	POD478_2	[DelT]567	10	8	5175406	4860060	1.1738357799094	0.463283295838837	2.97418545104385	
T_5	SETD2_KO19_d4	[InsT]567	5	4	5175406	4860060	1.17383561196514	0.315212676021703	4.37130277026901	
T_5	RPE1_WT_U2	[InsT]567	12	10	5175406	4860060	1.12688232045715	0.486872721179234	2.60820479135328	
T_8	RPE1_c2_MSH2_9_3	[InsT]89	329	324	244666	224138	0.930141238343298	0.797774648375252	1.08447006310466	
T_8	POLE_L424V_d1	[InsT]89	122	113	244666	224138	0.989055953591355	0.765700481135134	1.27756440466682	
T_8	MLH_A	[InsT]89	171	181	244666	224138	0.865390642274373	0.702106559341874	1.0666485788682	
T_8	MSH3_KO5_d3	[DelT]89	19	16	244666	224138	1.08787303747849	0.559430208744997	2.11548773586542	
T_8	DheMS6d3	[DelT]89	952	822	244666	224138	1.06121772065526	0.966495626065068	1.16522312182397	
T_8	RPE1_c2_OGG1_11_1	[DelT]89	0	1	244666	224138	1	1	1	
T_8	POLE_L424V_d2	[DelT]89	11	9	244666	224138	1.1196805478917	0.463980144690491	2.7020219370882	
T_8	MLH1_2	[DelT]89	666	627	244666	224138	0.973006549533297	0.872338198409626	1.08529208873429	
T_8	DheML6d1	[DelT]89	472	436	244666	224138	0.991723004412269	0.870552258009804	1.12975930902636	
T_8	MSH3_KO5_d3	[InsT]89	10	4	244666	224138	2.29029739716173	0.718303703036424	7.30256873975743	
T_8	DheMS6d3	[InsT]89	1057	952	244666	224138	1.01721243033376	0.931743687485784	1.11052121127603	
T_8	RPE1_c2_OGG1_11_1	[InsT]89	6	3	244666	224138	1.83221613667947	0.458227526980177	7.32608971275067	
T_8	POLE_L424V_d2	[InsT]89	52	68	244666	224138	0.700481767432868	0.488168281270194	1.00513434676493	
T_8	MLH1_2	[InsT]89	216	180	244666	224138	1.09940519533647	0.902021776726347	1.33998071301499	
T_8	DheML6d1	[InsT]89	799	759	244666	224138	0.964260352220218	0.87292755955297	1.06514912570754	
T_8	MSH3_KO5_d4	[DelT]89	6	6	244666	224138	0.916095806425243	0.295456230743731	2.84045973387456	
T_8	E_MSHd1	[DelT]89	266	209	244666	224138	1.16612334474037	0.972803078446196	1.39786117589231	
T_8	RPE1_c2_OGG1_11_2	[DelT]89	0	4	244666	224138	1	1	1	
T_8	POLE_L424V_d3	[DelT]89	23	13	244666	224138	1.62084689181316	0.821058249341787	3.19970556145859	
T_8	MLH1_5	[DelT]89	615	507	244666	224138	1.1115232995606	0.988091235873571	1.2503744599797	
T_8	DheML6d3	[DelT]89	556	503	244666	224138	1.01265383000021	0.897475428983015	1.14261376556695	
T_8	MSH3_KO5_d4	[InsT]89	1	3	244666	224138	0.305363115552558	0.0317636605972621	2.93563873264665	
T_8	E_MSHd1	[InsT]89	837	658	244666	224138	1.16587736178306	1.05253012461558	1.29143099178722	*
T_8	RPE1_c2_OGG1_11_2	[InsT]89	5	4	244666	224138	1.14512529581748	0.307499370168251	4.26443781788422	
T_8	POLE_L424V_d3	[InsT]89	67	64	244666	224138	0.959028731720081	0.680819727864523	1.35092458491104	
T_8	MLH1_5	[InsT]89	161	174	244666	224138	0.847553454822046	0.68399272042668	1.05022588300746	
T_8	DheML6d3	[InsT]89	797	689	244666	224138	1.05989029978448	0.956998542679332	1.1738444704755	
T_8	POD478_1	[DelT]89	4	2	244666	224138	1.83220933369301	0.335589782608166	10.0032575973608	
T_8	E_MSHd2	[DelT]89	254	255	244666	224138	0.912414396392077	0.76681962182624	1.08565301023578	
T_8	RPE1_c2_OGG1_1110	[DelT]89	0	2	244666	224138	1	1	1	
T_8	POLE_P8_1	[DelT]89	2	4	244666	224138	0.458044501847432	0.0838960112100854	2.50077164154189	
T_8	MSH3_KO5_d1	[DelT]89	8	12	244666	224138	0.61071918078842	0.249640484462659	1.49406022258649	
T_8	DheMS6d2	[DelT]89	698	648	244666	224138	0.986746617447502	0.886552419744182	1.09826431619807	
T_8	POD478_1	[InsT]89	48	35	244666	224138	1.25641308956355	0.812676993300126	1.9424369886692	
T_8	E_MSHd2	[InsT]89	843	717	244666	224138	1.07735229154931	0.975084817628325	1.19034563878213	
T_8	RPE1_c2_OGG1_1110	[InsT]89	4	5	244666	224138	0.732873924025799	0.196797914492611	2.72921687153925	
T_8	POLE_P8_1	[InsT]89	84	74	244666	224138	1.03990857429786	0.760789192851545	1.42143165683641	
T_8	MSH3_KO5_d1	[InsT]89	1	0	244666	224138	1	1	1	
T_8	DheMS6d2	[InsT]89	774	711	244666	224138	0.997262432199187	0.900579678033626	1.10432467324529	
T_8	POD478_2	[DelT]89	2	3	244666	224138	0.610728727288581	0.102048639559456	3.65501764595514	
T_8	EXO1_KO22_d1	[DelT]89	4	1	244666	224138	3.6644350164717	0.409573183364307	32.7855546587384	
T_8	RPE1_WT_1	[DelT]89	1	1	244666	224138	0.91609752110028	0.0573004943168852	14.6462029371843	
T_8	POLE_P8_2	[DelT]89	5	8	244666	224138	0.572552429688426	0.187304986324847	1.75017382705222	
T_8	RPE1_WT_U2	[InsT]89	9	14	244666	224138	0.588904933379034	0.25489639065873	1.36058819688229	
T_8	RPE1_c2_MSH2_7_2	[InsT]89	268	232	244666	224138	1.05831485725235	0.88765131000463	1.2617908906992	
T_8	POD478_2	[InsT]89	52	42	244666	224138	1.13424493477966	0.755262149649279	1.70339738681559	
T_8	EXO1_KO22_d1	[InsT]89	10	6	244666	224138	1.52685130686896	0.554920939026352	4.20109379433015	
T_8	RPE1_WT_1	[InsT]89	3	2	244666	224138	1.37415138374008	0.229611401910755	8.22386000747789	
T_8	POLE_P8_2	[InsT]89	69	68	244666	224138	0.929550023339712	0.664969127745738	1.29940355098898	
T_8	SETD2_KO15_d3	[DelT]89	1	3	244666	224138	0.305363115552558	0.0317636605972621	2.93563873264665	
T_8	RPE1_c2_MSH2_7_3	[DelT]89	541	473	244666	224138	1.0479049632538	0.926150580960717	1.18566552198549	
T_8	POD689_1	[DelT]89	2	4	244666	224138	0.458044501847432	0.0838960112100854	2.50077164154189	
T_8	EXO1_KO22_d2	[DelT]89	5	3	244666	224138	1.52684053990351	0.364887499703544	6.3889336745898	
T_8	RPE1_WT_2	[DelT]89	5	4	244666	224138	1.14512529581748	0.307499370168251	4.26443781788422	
T_8	POLE_P8_5	[DelT]89	7	3	244666	224138	2.13759422979194	0.552758114662545	8.26638084549757	
T_8	SETD2_KO15_d3	[InsT]89	6	4	244666	224138	1.37415597155236	0.387777100820331	4.8695619987832	
T_8	RPE1_c2_MSH2_7_3	[InsT]89	305	275	244666	224138	1.01605582798326	0.8631585713323	1.19603683479071	
T_8	POD689_1	[InsT]89	6	1	244666	224138	5.4966974576964	0.661752693945008	45.6570607387007	
T_8	EXO1_KO22_d2	[InsT]89	8	12	244666	224138	0.61071918078842	0.249640484462659	1.49406022258649	
T_8	RPE1_WT_2	[InsT]89	5	8	244666	224138	0.572552429688426	0.187304986324847	1.75017382705222	
T_8	POLE_P8_5	[InsT]89	44	59	244666	224138	0.683134643293998	0.462314695915333	1.0094270093328	
T_8	SETD2_KO19_d3	[DelT]89	1	0	244666	224138	1	1	1	
T_8	RPE1_c2_MSH2_9_2	[DelT]89	555	451	244666	224138	1.12763834735827	0.995747640641172	1.2769984989511	
T_8	POD689_2	[DelT]89	2	1	244666	224138	1.83220253081777	0.166136777906489	20.2060383994238	
T_8	EXO1_KO22_d3	[DelT]89	2	4	244666	224138	0.458044501847432	0.0838960112100854	2.50077164154189	
T_8	RPE1_WT_U1	[DelT]89	6	4	244666	224138	1.37415597155236	0.387777100820331	4.8695619987832	
T_8	RPE1_c2_MSH2_7_1	[DelT]89	564	518	244666	224138	0.997444292624176	0.885171348595389	1.12395765912133	
T_8	SETD2_KO19_d3	[InsT]89	3	3	244666	224138	0.916096835238675	0.184898665648787	4.53888300702196	
T_8	RPE1_c2_MSH2_9_2	[InsT]89	277	259	244666	224138	0.979741961795164	0.826980877604406	1.16072129077864	
T_8	POD689_2	[InsT]89	3	1	244666	224138	2.74831502924431	0.285877833168491	26.4212003297171	
T_8	EXO1_KO22_d3	[InsT]89	4	8	244666	224138	0.458040071608995	0.137925691525584	1.5211140497393	
T_8	RPE1_WT_U1	[InsT]89	8	6	244666	224138	1.22147106028279	0.423813777874557	3.5203941660197	
T_8	RPE1_c2_MSH2_7_1	[InsT]89	281	268	244666	224138	0.960490069650927	0.812405878500476	1.13556683710961	
T_8	SETD2_KO19_d4	[DelT]89	1	1	244666	224138	0.91609752110028	0.0573004943168852	14.6462029371843	
T_8	RPE1_c2_MSH2_9_3	[DelT]89	690	559	244666	224138	1.1311525671049	1.01162477947635	1.26480307326035	*
T_8	POLE_L424V_d1	[DelT]89	19	21	244666	224138	0.828837156431609	0.445601925353677	1.5416698016652	
T_8	MLH_A	[DelT]89	660	554	244666	224138	1.09162729649395	0.974908474138433	1.22232002907125	
T_8	RPE1_WT_U2	[DelT]89	9	9	244666	224138	0.91609477758658	0.363640656746927	2.30785426753165	
T_8	RPE1_c2_MSH2_7_2	[DelT]89	553	446	244666	224138	1.13618700330265	1.00281143058589	1.28730174696915	*
T_8	SETD2_KO19_d4	[InsT]89	5	4	244666	224138	1.14512529581748	0.307499370168251	4.26443781788422	
