Ref	Sample	Mutation	lagging_ts	leading_uts	ts_lagging_wg	uts_leading_wg	oddsratio	lowerconfint	higherconfint	flag
C_2	DheML6d1	[DelC]2	119	112	40674023	41383442	1.08103190991944	0.835174052642305	1.39926520294397	
C_2	EXO1_KO22_d3	[DelC]2	0	0	40674023	41383442	1	1	1	
C_2	POLE_L424V_d1	[DelC]2	4	2	40674023	41383442	2.03488325065689	0.372715378956181	11.1096833605322	
C_2	SETD2_KO19_d3	[DelC]2	1	0	40674023	41383442	1	1	1	
C_2	MLH1_5	[InsC]2	1	1	40674023	41383442	1.01744157487056	0.0636397842253302	16.2663555647799	
C_2	POLE_L424V_d1	[InsC]2	0	0	40674023	41383442	1	1	1	
C_2	RPE1_c2_OGG1_11_1	[InsC]2	0	1	40674023	41383442	1	1	1	
C_2	E_MSHd1	[DelC]2	99	162	40674023	41383442	0.621768930438632	0.484219109757746	0.798391874811001	*
C_2	POLE_P8_2	[DelC]2	1	0	40674023	41383442	1	1	1	
C_2	RPE1_c2_OGG1_11_2	[DelC]2	0	0	40674023	41383442	1	1	1	
C_2	POLE_L424V_d2	[InsC]2	0	0	40674023	41383442	1	1	1	
C_2	POD478_1	[InsC]2	0	0	40674023	41383442	1	1	1	
C_2	RPE1_WT_2	[InsC]2	0	0	40674023	41383442	1	1	1	
C_2	POLE_L424V_d3	[DelC]2	1	1	40674023	41383442	1.01744157487056	0.0636397842253302	16.2663555647799	
C_2	POD478_2	[DelC]2	3	5	40674023	41383442	0.610464915934053	0.145891828110467	2.55440910168178	
C_2	RPE1_c2_MSH2_7_3	[DelC]2	4	7	40674023	41383442	0.581395144228485	0.170197260400918	1.98605026271409	
C_2	DheML6d1	[InsC]2	1	1	40674023	41383442	1.01744157487056	0.0636397842253302	16.2663555647799	
C_2	EXO1_KO22_d3	[InsC]2	0	0	40674023	41383442	1	1	1	
C_2	RPE1_c2_MSH2_7_3	[InsC]2	2	0	40674023	41383442	1	1	1	
C_2	SETD2_KO19_d3	[InsC]2	0	0	40674023	41383442	1	1	1	
C_2	MSH3_KO5_d1	[DelC]2	0	2	40674023	41383442	1	1	1	
C_2	POLE_L424V_d2	[DelC]2	1	4	40674023	41383442	0.254360375278353	0.0284300210935339	2.27573522717012	
C_2	SETD2_KO19_d4	[DelC]2	0	0	40674023	41383442	1	1	1	
C_2	E_MSHd1	[InsC]2	7	7	40674023	41383442	1.01744157744345	0.3568807139397	2.90065370045612	
C_2	POLE_P8_2	[InsC]2	0	1	40674023	41383442	1	1	1	
C_2	RPE1_c2_OGG1_11_2	[InsC]2	0	1	40674023	41383442	1	1	1	
C_2	E_MSHd2	[DelC]2	93	135	40674023	41383442	0.700903511850902	0.538208650473177	0.912779332872152	*
C_2	POLE_P8_5	[DelC]2	0	1	40674023	41383442	1	1	1	
C_2	RPE1_WT_U1	[DelC]2	1	1	40674023	41383442	1.01744157487056	0.0636397842253302	16.2663555647799	
C_2	POLE_L424V_d3	[InsC]2	0	0	40674023	41383442	1	1	1	
C_2	POD478_2	[InsC]2	0	0	40674023	41383442	1	1	1	
C_2	RPE1_WT_U1	[InsC]2	0	0	40674023	41383442	1	1	1	
C_2	DheML6d3	[DelC]2	63	90	40674023	41383442	0.712208656349173	0.516156683057057	0.982727119165525	*
C_2	MLH_A	[DelC]2	4	3	40674023	41383442	1.3565888009903	0.303621333338434	6.06127756155052	
C_2	RPE1_c2_MSH2_9_2	[DelC]2	2	7	40674023	41383442	0.290697557820226	0.0603895526783336	1.39933260596848	
C_2	DheML6d3	[InsC]2	5	1	40674023	41383442	5.08720837464349	0.594339966667203	43.543578588808	
C_2	MSH3_KO5_d1	[InsC]2	0	0	40674023	41383442	1	1	1	
C_2	RPE1_c2_MSH2_9_2	[InsC]2	0	0	40674023	41383442	1	1	1	
C_2	SETD2_KO19_d4	[InsC]2	0	0	40674023	41383442	1	1	1	
C_2	MSH3_KO5_d3	[DelC]2	0	2	40674023	41383442	1	1	1	
C_2	RPE1_c2_MSH2_9_3	[DelC]2	6	3	40674023	41383442	2.03488330154359	0.508919503989806	8.13635558951553	
C_2	RPE1_c2_OGG1_1110	[DelC]2	0	0	40674023	41383442	1	1	1	
C_2	E_MSHd2	[InsC]2	8	7	40674023	41383442	1.16279040280912	0.421660332382262	3.206565609874	
C_2	POLE_P8_5	[InsC]2	0	1	40674023	41383442	1	1	1	
C_2	RPE1_c2_OGG1_1110	[InsC]2	0	0	40674023	41383442	1	1	1	
C_2	POLE_P8_1	[DelC]2	1	6	40674023	41383442	0.169573575323663	0.0204152832806148	1.40851327178763	
C_2	POD689_1	[DelC]2	2	2	40674023	41383442	1.01744157529938	0.143320368485377	7.22289071740212	
C_2	RPE1_WT_U2	[DelC]2	2	3	40674023	41383442	0.678294367142441	0.113339435199855	4.05933952014039	
C_2	POLE_P8_1	[InsC]2	0	2	40674023	41383442	1	1	1	
C_2	MLH_A	[InsC]2	1	1	40674023	41383442	1.01744157487056	0.0636397842253302	16.2663555647799	
C_2	RPE1_WT_U2	[InsC]2	0	0	40674023	41383442	1	1	1	
C_2	DheMS6d2	[DelC]2	171	170	40674023	41383442	1.02342662336886	0.827686414277022	1.26545758798649	
C_2	MLH1_2	[DelC]2	3	5	40674023	41383442	0.610464915934053	0.145891828110467	2.55440910168178	
C_2	SETD2_KO15_d3	[DelC]2	0	1	40674023	41383442	1	1	1	
C_2	POD689_2	[InsC]2	0	0	40674023	41383442	1	1	1	
C_2	MSH3_KO5_d3	[InsC]2	0	0	40674023	41383442	1	1	1	
C_2	RPE1_c2_MSH2_9_3	[InsC]2	0	0	40674023	41383442	1	1	1	
C_2	DheMS6d3	[DelC]2	178	211	40674023	41383442	0.858315020948296	0.703103031751379	1.04779049714861	
C_2	EXO1_KO22_d1	[DelC]2	1	0	40674023	41383442	1	1	1	
C_2	RPE1_c2_MSH2_7_1	[DelC]2	7	6	40674023	41383442	1.18701520236736	0.39892515517423	3.53200361615664	
C_2	RPE1_WT_1	[DelC]2	0	1	40674023	41383442	1	1	1	
C_2	EXO1_KO22_d1	[InsC]2	0	0	40674023	41383442	1	1	1	
C_2	POD689_1	[InsC]2	1	0	40674023	41383442	1	1	1	
C_2	RPE1_WT_1	[InsC]2	0	0	40674023	41383442	1	1	1	
C_2	EXO1_KO22_d2	[DelC]2	2	2	40674023	41383442	1.01744157529938	0.143320368485377	7.22289071740212	
C_2	POD689_2	[DelC]2	1	0	40674023	41383442	1	1	1	
C_2	RPE1_WT_2	[DelC]2	0	0	40674023	41383442	1	1	1	
C_2	DheMS6d2	[InsC]2	5	2	40674023	41383442	2.54360412585745	0.493495492470877	13.1103972534477	
C_2	MLH1_2	[InsC]2	1	0	40674023	41383442	1	1	1	
C_2	SETD2_KO15_d3	[InsC]2	0	0	40674023	41383442	1	1	1	
C_2	MSH3_KO5_d4	[InsC]2	0	0	40674023	41383442	1	1	1	
C_2	MSH3_KO5_d4	[DelC]2	0	0	40674023	41383442	1	1	1	
C_2	RPE1_c2_OGG1_11_1	[DelC]2	1	0	40674023	41383442	1	1	1	
C_2	DheMS6d3	[InsC]2	2	1	40674023	41383442	2.03488319977019	0.184516303116931	22.4411044810654	
C_2	RPE1_c2_MSH2_7_2	[DelC]2	5	5	40674023	41383442	1.01744157658582	0.294552235338142	3.51444408689364	
C_2	RPE1_c2_MSH2_7_1	[InsC]2	0	0	40674023	41383442	1	1	1	
C_2	EXO1_KO22_d2	[InsC]2	0	0	40674023	41383442	1	1	1	
C_2	POD478_1	[DelC]2	0	0	40674023	41383442	1	1	1	
C_2	MLH1_5	[DelC]2	7	4	40674023	41383442	1.78052288960107	0.521229186207537	6.08227981909484	
C_2	RPE1_c2_MSH2_7_2	[InsC]2	2	0	40674023	41383442	1	1	1	
C_3	MLH1_5	[InsC]3	1	0	11688814	11890962	1	1	1	
C_3	DheML6d1	[DelC]3	179	179	11688814	11890962	1.01729440606196	0.826934620298985	1.25147488471432	
C_3	DheML6d1	[InsC]3	2	1	11688814	11890962	2.03458845946021	0.184489559218699	22.4378561957619	
C_3	POLE_P8_5	[InsC]3	0	0	11688814	11890962	1	1	1	
C_3	MSH3_KO5_d1	[InsC]3	0	1	11688814	11890962	1	1	1	
C_3	DheML6d3	[DelC]3	114	144	11688814	11890962	0.805355963451881	0.629907025061037	1.02967295499627	
C_3	MSH3_KO5_d1	[DelC]3	0	0	11688814	11890962	1	1	1	
C_3	POLE_P8_2	[DelC]3	1	0	11688814	11890962	1	1	1	
C_3	DheML6d3	[InsC]3	5	8	11688814	11890962	0.635808682475691	0.208001653276703	1.94350705556028	
C_3	RPE1_c2_MSH2_7_1	[InsC]3	3	1	11688814	11890962	3.05188295028468	0.317457016393424	29.3393721394253	
C_3	POLE_P8_2	[InsC]3	0	0	11688814	11890962	1	1	1	
C_3	RPE1_WT_2	[InsC]3	0	0	11688814	11890962	1	1	1	
C_3	MSH3_KO5_d3	[DelC]3	2	1	11688814	11890962	2.03458845946021	0.184489559218699	22.4378561957619	
C_3	POLE_P8_5	[DelC]3	0	0	11688814	11890962	1	1	1	
C_3	RPE1_WT_U1	[DelC]3	0	2	11688814	11890962	1	1	1	
C_3	MSH3_KO5_d3	[InsC]3	0	0	11688814	11890962	1	1	1	
C_3	POLE_L424V_d3	[InsC]3	0	0	11688814	11890962	1	1	1	
C_3	RPE1_WT_U1	[InsC]3	0	0	11688814	11890962	1	1	1	
C_3	MSH3_KO5_d4	[DelC]3	0	0	11688814	11890962	1	1	1	
C_3	RPE1_c2_MSH2_7_1	[DelC]3	9	7	11688814	11890962	1.30794984725006	0.487108481188531	3.51201604773399	
C_3	RPE1_WT_U2	[DelC]3	0	1	11688814	11890962	1	1	1	
C_3	MSH3_KO5_d4	[InsC]3	0	0	11688814	11890962	1	1	1	
C_3	POLE_P8_1	[InsC]3	0	0	11688814	11890962	1	1	1	
C_3	RPE1_WT_U2	[InsC]3	0	0	11688814	11890962	1	1	1	
C_3	DheMS6d2	[DelC]3	280	269	11688814	11890962	1.0588949406939	0.895737271726836	1.25177161966871	
C_3	RPE1_c2_MSH2_7_2	[DelC]3	9	9	11688814	11890962	1.01729415453504	0.403818433999687	2.56275422248795	
C_3	SETD2_KO15_d3	[DelC]3	0	0	11688814	11890962	1	1	1	
C_3	DheMS6d2	[InsC]3	6	5	11688814	11890962	1.22075308277799	0.372562877909919	3.99996397244999	
C_3	RPE1_c2_MSH2_7_2	[InsC]3	3	0	11688814	11890962	1	1	1	
C_3	SETD2_KO15_d3	[InsC]3	0	0	11688814	11890962	1	1	1	
C_3	DheMS6d3	[DelC]3	339	286	11688814	11890962	1.20581965407112	1.03024179899792	1.41132017702877	*
C_3	POLE_L424V_d1	[DelC]3	1	1	11688814	11890962	1.01729414269866	0.0636305571840684	16.2639998542732	
C_3	POLE_P8_1	[DelC]3	1	2	11688814	11890962	0.508647028573389	0.0461223819800403	5.60946309729842	
C_3	DheMS6d3	[InsC]3	4	3	11688814	11890962	1.35639231025228	0.303577309191097	6.06040057543762	
C_3	POLE_L424V_d1	[InsC]3	0	0	11688814	11890962	1	1	1	
C_3	RPE1_c2_OGG1_11_1	[InsC]3	0	0	11688814	11890962	1	1	1	
C_3	E_MSHd1	[DelC]3	66	94	11688814	11890962	0.714268741113157	0.521392736431107	0.978494326605922	*
C_3	POD478_1	[DelC]3	2	0	11688814	11890962	1	1	1	
C_3	RPE1_c2_OGG1_11_2	[DelC]3	0	1	11688814	11890962	1	1	1	
C_3	POLE_L424V_d2	[InsC]3	0	1	11688814	11890962	1	1	1	
C_3	POLE_L424V_d3	[DelC]3	0	0	11688814	11890962	1	1	1	
C_3	RPE1_c2_OGG1_11_2	[InsC]3	0	0	11688814	11890962	1	1	1	
C_3	E_MSHd2	[DelC]3	46	73	11688814	11890962	0.641033251656985	0.443243286496685	0.927083708312411	*
C_3	EXO1_KO22_d3	[DelC]3	0	0	11688814	11890962	1	1	1	
C_3	RPE1_c2_MSH2_7_3	[DelC]3	4	10	11688814	11890962	0.406917453530342	0.127622889104457	1.29743038376206	
C_3	SETD2_KO19_d3	[DelC]3	0	0	11688814	11890962	1	1	1	
C_3	EXO1_KO22_d3	[InsC]3	0	0	11688814	11890962	1	1	1	
C_3	RPE1_c2_MSH2_7_3	[InsC]3	0	0	11688814	11890962	1	1	1	
C_3	SETD2_KO19_d3	[InsC]3	0	0	11688814	11890962	1	1	1	
C_3	MLH_A	[DelC]3	8	7	11688814	11890962	1.16262198697992	0.421599163576612	3.20610191239983	
C_3	POLE_L424V_d2	[DelC]3	2	1	11688814	11890962	2.03458845946021	0.184489559218699	22.4378561957619	
C_3	SETD2_KO19_d4	[DelC]3	0	2	11688814	11890962	1	1	1	
C_3	E_MSHd1	[InsC]3	3	4	11688814	11890962	0.762970545079393	0.170762207450281	3.40897474535304	
C_3	POD478_1	[InsC]3	0	0	11688814	11890962	1	1	1	
C_3	SETD2_KO19_d4	[InsC]3	0	0	11688814	11890962	1	1	1	
C_3	MLH1_2	[DelC]3	6	6	11688814	11890962	1.0172941500964	0.328099056831749	3.15419190110947	
C_3	POD478_2	[DelC]3	1	0	11688814	11890962	1	1	1	
C_3	RPE1_c2_OGG1_1110	[DelC]3	0	1	11688814	11890962	1	1	1	
C_3	E_MSHd2	[InsC]3	10	6	11688814	11890962	1.69549083037067	0.616221318251028	4.66502711076277	
C_3	POD478_2	[InsC]3	1	0	11688814	11890962	1	1	1	
C_3	RPE1_c2_OGG1_1110	[InsC]3	0	0	11688814	11890962	1	1	1	
C_3	EXO1_KO22_d1	[DelC]3	0	0	11688814	11890962	1	1	1	
C_3	POD689_1	[DelC]3	0	1	11688814	11890962	1	1	1	
C_3	RPE1_c2_MSH2_9_2	[DelC]3	7	4	11688814	11890962	1.78026521440554	0.521153656015341	6.08140074820681	
C_3	EXO1_KO22_d1	[InsC]3	0	0	11688814	11890962	1	1	1	
C_3	MLH_A	[InsC]3	2	1	11688814	11890962	2.03458845946021	0.184489559218699	22.4378561957619	
C_3	RPE1_c2_MSH2_9_2	[InsC]3	0	0	11688814	11890962	1	1	1	
C_3	EXO1_KO22_d2	[DelC]3	0	1	11688814	11890962	1	1	1	
C_3	POD689_2	[DelC]3	2	0	11688814	11890962	1	1	1	
C_3	RPE1_c2_MSH2_9_3	[DelC]3	4	10	11688814	11890962	0.406917453530342	0.127622889104457	1.29743038376206	
C_3	POD689_2	[InsC]3	0	0	11688814	11890962	1	1	1	
C_3	MLH1_2	[InsC]3	0	0	11688814	11890962	1	1	1	
C_3	RPE1_c2_MSH2_9_3	[InsC]3	0	1	11688814	11890962	1	1	1	
C_3	MLH1_5	[DelC]3	12	8	11688814	11890962	1.52594175177234	0.623762448564509	3.73298879270578	
C_3	RPE1_c2_OGG1_11_1	[DelC]3	0	1	11688814	11890962	1	1	1	
C_3	RPE1_WT_1	[DelC]3	0	0	11688814	11890962	1	1	1	
C_3	POD689_1	[InsC]3	0	0	11688814	11890962	1	1	1	
C_3	RPE1_WT_1	[InsC]3	0	0	11688814	11890962	1	1	1	
C_3	RPE1_WT_2	[DelC]3	1	1	11688814	11890962	1.01729414269866	0.0636305571840684	16.2639998542732	
C_3	EXO1_KO22_d2	[InsC]3	0	0	11688814	11890962	1	1	1	
C_4	RPE1_c2_MSH2_7_1	[DelC]4	22	13	4418298	4621148	1.77000764725705	0.891667448854031	3.51355998850792	
C_4	POLE_P8_2	[InsC]4	1	0	4418298	4621148	1	1	1	
C_4	POLE_P8_5	[DelC]4	2	0	4418298	4621148	1	1	1	
C_4	RPE1_c2_MSH2_7_2	[InsC]4	4	3	4418298	4621148	1.39454881605132	0.312117095898573	6.23088714429833	
C_4	RPE1_c2_MSH2_7_3	[DelC]4	19	16	4418298	4621148	1.24202076193015	0.638714425444203	2.41518824628507	
C_4	SETD2_KO19_d3	[DelC]4	0	0	4418298	4621148	1	1	1	
C_4	MLH1_5	[InsC]4	2	4	4418298	4621148	0.522955456130599	0.0957860624434559	2.85513781567338	
C_4	POLE_P8_2	[DelC]4	0	0	4418298	4621148	1	1	1	
C_4	RPE1_c2_MSH2_7_1	[InsC]4	1	1	4418298	4621148	1.04591135453321	0.0654205178886612	16.7215209669119	
C_4	E_MSHd1	[DelC]4	36	80	4418298	4621148	0.470655791802297	0.317593840040404	0.697484794821165	*
C_4	DheML6d3	[InsC]4	14	12	4418298	4621148	1.22023059933072	0.564391593126704	2.63817309413527	
C_4	RPE1_c2_MSH2_7_2	[DelC]4	18	18	4418298	4621148	1.04591153118408	0.54420250697232	2.01015415594083	
C_4	E_MSHd1	[InsC]4	13	11	4418298	4621148	1.23607773769069	0.553771787266846	2.75905744703151	
C_4	POD478_1	[InsC]4	0	0	4418298	4621148	1	1	1	
C_4	RPE1_WT_2	[InsC]4	0	0	4418298	4621148	1	1	1	
C_4	DheML6d1	[DelC]4	311	292	4418298	4621148	1.11397524188874	0.949536301295366	1.30689141410199	
C_4	POLE_P8_5	[InsC]4	0	0	4418298	4621148	1	1	1	
C_4	RPE1_WT_U1	[DelC]4	1	3	4418298	4621148	0.348636967290037	0.0362652262858178	3.35163315963446	
C_4	DheML6d1	[InsC]4	15	10	4418298	4621148	1.56886894750744	0.704830405506286	3.49211633780907	
C_4	POD478_2	[InsC]4	0	0	4418298	4621148	1	1	1	
C_4	RPE1_c2_MSH2_7_3	[InsC]4	4	2	4418298	4621148	2.09182367674039	0.383144589031526	11.4205613750991	
C_4	SETD2_KO19_d3	[InsC]4	0	0	4418298	4621148	1	1	1	
C_4	MSH3_KO5_d1	[DelC]4	1	0	4418298	4621148	1	1	1	
C_4	RPE1_c2_MSH2_9_2	[DelC]4	21	16	4418298	4621148	1.37276041090226	0.716357545162547	2.63062929743127	
C_4	SETD2_KO19_d4	[DelC]4	0	0	4418298	4621148	1	1	1	
C_4	MSH3_KO5_d1	[InsC]4	0	0	4418298	4621148	1	1	1	
C_4	DheMS6d2	[DelC]4	452	501	4418298	4621148	0.943610853147378	0.830942052554616	1.07155660185943	
C_4	SETD2_KO19_d4	[InsC]4	0	0	4418298	4621148	1	1	1	
C_4	E_MSHd2	[DelC]4	28	50	4418298	4621148	0.585707727232605	0.368776822176775	0.930247025057174	*
C_4	POD478_2	[DelC]4	2	1	4418298	4621148	2.09182318251199	0.189679367729413	23.0690574271462	
C_4	POD689_2	[InsC]4	0	0	4418298	4621148	1	1	1	
C_4	E_MSHd2	[InsC]4	17	5	4418298	4621148	3.55610840505617	1.31198350084486	9.63876983237042	*
C_4	DheMS6d3	[DelC]4	510	528	4418298	4621148	1.01025645948524	0.894500408431848	1.14099233975856	
C_4	RPE1_WT_U1	[InsC]4	0	0	4418298	4621148	1	1	1	
C_4	DheML6d3	[DelC]4	220	246	4418298	4621148	0.935364650361501	0.77981859486506	1.12193660795853	
C_4	POD689_1	[DelC]4	0	0	4418298	4621148	1	1	1	
C_4	RPE1_WT_U2	[DelC]4	2	1	4418298	4621148	2.09182318251199	0.189679367729413	23.0690574271462	
C_4	EXO1_KO22_d1	[InsC]4	0	0	4418298	4621148	1	1	1	
C_4	POD689_1	[InsC]4	0	0	4418298	4621148	1	1	1	
C_4	RPE1_c2_MSH2_9_2	[InsC]4	3	6	4418298	4621148	0.52295534816032	0.130789825084723	2.09100590196772	
C_4	EXO1_KO22_d2	[DelC]4	0	0	4418298	4621148	1	1	1	
C_4	MSH3_KO5_d3	[DelC]4	1	0	4418298	4621148	1	1	1	
C_4	DheMS6d2	[InsC]4	18	19	4418298	4621148	0.990863341438416	0.520040983353697	1.88794766726826	
C_4	POLE_L424V_d3	[DelC]4	1	0	4418298	4621148	1	1	1	
C_4	MSH3_KO5_d3	[InsC]4	0	0	4418298	4621148	1	1	1	
C_4	POLE_L424V_d3	[InsC]4	0	1	4418298	4621148	1	1	1	
C_4	POLE_L424V_d1	[DelC]4	1	1	4418298	4621148	1.04591135453321	0.0654205178886612	16.7215209669119	
C_4	EXO1_KO22_d1	[DelC]4	0	2	4418298	4621148	1	1	1	
C_4	DheMS6d3	[InsC]4	12	16	4418298	4621148	0.784432922631084	0.371105474175483	1.65811353625189	
C_4	POLE_L424V_d1	[InsC]4	0	0	4418298	4621148	1	1	1	
C_4	MSH3_KO5_d4	[InsC]4	0	0	4418298	4621148	1	1	1	
C_4	POLE_P8_1	[InsC]4	0	1	4418298	4621148	1	1	1	
C_4	RPE1_WT_U2	[InsC]4	0	0	4418298	4621148	1	1	1	
C_4	POD478_1	[DelC]4	1	1	4418298	4621148	1.04591135453321	0.0654205178886612	16.7215209669119	
C_4	POD689_2	[DelC]4	0	0	4418298	4621148	1	1	1	
C_4	RPE1_c2_MSH2_9_3	[DelC]4	25	16	4418298	4621148	1.63424006393448	0.872565028658765	3.06079260439056	
C_4	EXO1_KO22_d2	[InsC]4	0	1	4418298	4621148	1	1	1	
C_4	RPE1_c2_OGG1_11_2	[InsC]4	0	0	4418298	4621148	1	1	1	
C_4	RPE1_c2_MSH2_9_3	[InsC]4	1	5	4418298	4621148	0.209182089841403	0.0244387930136189	1.79047904231736	
C_4	EXO1_KO22_d3	[DelC]4	0	0	4418298	4621148	1	1	1	
C_4	MSH3_KO5_d4	[DelC]4	1	0	4418298	4621148	1	1	1	
C_4	POLE_P8_1	[DelC]4	0	1	4418298	4621148	1	1	1	
C_4	EXO1_KO22_d3	[InsC]4	0	0	4418298	4621148	1	1	1	
C_4	RPE1_c2_OGG1_1110	[InsC]4	1	0	4418298	4621148	1	1	1	
C_4	RPE1_c2_OGG1_11_1	[InsC]4	0	0	4418298	4621148	1	1	1	
C_4	POLE_L424V_d2	[DelC]4	0	1	4418298	4621148	1	1	1	
C_4	RPE1_WT_1	[DelC]4	0	0	4418298	4621148	1	1	1	
C_4	RPE1_c2_OGG1_11_2	[DelC]4	0	0	4418298	4621148	1	1	1	
C_4	SETD2_KO15_d3	[DelC]4	0	0	4418298	4621148	1	1	1	
C_4	RPE1_WT_1	[InsC]4	0	0	4418298	4621148	1	1	1	
C_4	RPE1_c2_OGG1_11_1	[DelC]4	0	0	4418298	4621148	1	1	1	
C_4	SETD2_KO15_d3	[InsC]4	0	0	4418298	4621148	1	1	1	
C_4	RPE1_WT_2	[DelC]4	0	1	4418298	4621148	1	1	1	
C_4	RPE1_c2_OGG1_1110	[DelC]4	0	0	4418298	4621148	1	1	1	
C_4	MLH_A	[DelC]4	15	13	4418298	4621148	1.20682148385557	0.574241684077946	2.53624586002307	
C_4	MLH1_2	[InsC]4	1	2	4418298	4621148	0.522955564100829	0.047419820938262	5.76726180345716	
C_4	MLH1_2	[DelC]4	18	15	4418298	4621148	1.2550946522176	0.632547829873158	2.49034541204751	
C_4	MLH1_5	[DelC]4	16	12	4418298	4621148	1.39454988764109	0.659744233552244	2.94776261802034	
C_4	MLH_A	[InsC]4	2	3	4418298	4621148	0.697274092395198	0.116510798578452	4.17292788185787	
C_4	POLE_L424V_d2	[InsC]4	0	0	4418298	4621148	1	1	1	
C_5	RPE1_c2_MSH2_7_1	[DelC]5	14	26	1046160	1095007	0.563597388745122	0.294303894129823	1.07929940084381	
C_5	E_MSHd1	[DelC]5	24	41	1046160	1095007	0.612688701389755	0.370224265326607	1.01394608610946	
C_5	DheMS6d2	[InsC]5	109	73	1046160	1095007	1.56292709634119	1.16198203821189	2.10221933571063	*
C_5	POLE_P8_2	[InsC]5	0	2	1046160	1095007	1	1	1	
C_5	DheMS6d2	[DelC]5	320	343	1046160	1095007	0.976498197272593	0.838504757891074	1.13720133404478	
C_5	POLE_P8_5	[InsC]5	2	1	1046160	1095007	2.09338551155753	0.189820817733182	23.0863134630409	
C_5	POLE_P8_5	[DelC]5	0	0	1046160	1095007	1	1	1	
C_5	POLE_L424V_d3	[DelC]5	1	0	1046160	1095007	1	1	1	
C_5	EXO1_KO22_d1	[DelC]5	0	0	1046160	1095007	1	1	1	
C_5	DheMS6d3	[InsC]5	128	94	1046160	1095007	1.42533436998307	1.09216695896353	1.86013507328861	*
C_5	DheMS6d3	[DelC]5	341	407	1046160	1095007	0.876917800591974	0.759378495542401	1.01265025742637	
C_5	RPE1_c2_MSH2_7_1	[InsC]5	5	5	1046160	1095007	1.04669193379566	0.303019442381205	3.61549079380411	
C_5	E_MSHd1	[InsC]5	13	11	1046160	1095007	1.23700223947321	0.554184079832534	2.76113045492779	
C_5	EXO1_KO22_d2	[DelC]5	0	0	1046160	1095007	1	1	1	
C_5	POLE_P8_2	[DelC]5	2	1	1046160	1095007	2.09338551155753	0.189820817733182	23.0863134630409	
C_5	E_MSHd2	[DelC]5	21	36	1046160	1095007	0.610562347196055	0.356451211768465	1.04582721984321	
C_5	EXO1_KO22_d2	[InsC]5	0	0	1046160	1095007	1	1	1	
C_5	RPE1_c2_MSH2_7_2	[InsC]5	9	7	1046160	1095007	1.34574945954948	0.501184208486486	3.61352488209241	
C_5	E_MSHd2	[InsC]5	18	19	1046160	1095007	0.991602528749997	0.520426723895422	1.88936411194167	
C_5	POLE_L424V_d3	[InsC]5	1	1	1046160	1095007	1.04669175526856	0.0654692663204547	16.7340141736839	
C_5	POLE_L424V_d1	[DelC]5	0	0	1046160	1095007	1	1	1	
C_5	SETD2_KO19_d3	[DelC]5	0	0	1046160	1095007	1	1	1	
C_5	MLH1_5	[InsC]5	7	7	1046160	1095007	1.04669202305972	0.367139458490849	2.98405460322965	
C_5	EXO1_KO22_d1	[InsC]5	0	0	1046160	1095007	1	1	1	
C_5	RPE1_c2_OGG1_11_1	[InsC]5	0	0	1046160	1095007	1	1	1	
C_5	RPE1_c2_MSH2_9_2	[DelC]5	27	17	1046160	1095007	1.66240981281145	0.906133049356604	3.04989028674552	
C_5	DheML6d3	[InsC]5	92	56	1046160	1095007	1.71962823777094	1.23355951187931	2.39722627701524	*
C_5	RPE1_c2_MSH2_7_2	[DelC]5	33	15	1046160	1095007	2.30276285766451	1.25078556411138	4.2395090979536	*
C_5	POLE_L424V_d2	[InsC]5	1	1	1046160	1095007	1.04669175526856	0.0654692663204547	16.7340141736839	
C_5	POD478_1	[InsC]5	2	1	1046160	1095007	2.09338551155753	0.189820817733182	23.0863134630409	
C_5	RPE1_WT_2	[InsC]5	0	0	1046160	1095007	1	1	1	
C_5	DheML6d1	[DelC]5	183	179	1046160	1095007	1.07009373071071	0.870828169092891	1.31495584679946	
C_5	EXO1_KO22_d3	[DelC]5	0	1	1046160	1095007	1	1	1	
C_5	RPE1_c2_MSH2_7_3	[DelC]5	28	26	1046160	1095007	1.1272098623236	0.660959858412958	1.92235891113031	
C_5	DheML6d1	[InsC]5	88	47	1046160	1095007	1.95984394223383	1.37541527207567	2.79260260947526	*
C_5	POLE_P8_1	[DelC]5	0	1	1046160	1095007	1	1	1	
C_5	POLE_L424V_d1	[InsC]5	2	1	1046160	1095007	2.09338551155753	0.189820817733182	23.0863134630409	
C_5	SETD2_KO19_d3	[InsC]5	0	0	1046160	1095007	1	1	1	
C_5	MSH3_KO5_d1	[DelC]5	1	0	1046160	1095007	1	1	1	
C_5	POLE_L424V_d2	[DelC]5	0	2	1046160	1095007	1	1	1	
C_5	RPE1_c2_OGG1_11_2	[DelC]5	0	0	1046160	1095007	1	1	1	
C_5	RPE1_c2_MSH2_9_2	[InsC]5	25	6	1046160	1095007	4.3612957855981	1.78917332660968	10.6311113890338	*
C_5	RPE1_WT_U2	[InsC]5	1	0	1046160	1095007	1	1	1	
C_5	RPE1_c2_OGG1_11_2	[InsC]5	0	0	1046160	1095007	1	1	1	
C_5	RPE1_c2_MSH2_9_3	[DelC]5	20	24	1046160	1095007	0.872240649753698	0.481858616931061	1.57889414934257	
C_5	POD478_2	[DelC]5	2	0	1046160	1095007	1	1	1	
C_5	RPE1_WT_U1	[DelC]5	0	0	1046160	1095007	1	1	1	
C_5	RPE1_c2_MSH2_9_3	[InsC]5	12	9	1046160	1095007	1.39559348517928	0.588047664664818	3.31211446436916	
C_5	EXO1_KO22_d3	[InsC]5	0	0	1046160	1095007	1	1	1	
C_5	RPE1_c2_MSH2_7_3	[InsC]5	7	5	1046160	1095007	1.46537150875637	0.465086566776955	4.6170193079447	
C_5	DheML6d3	[DelC]5	142	166	1046160	1095007	0.895348583809991	0.715625701035375	1.12020723315376	
C_5	POLE_P8_1	[InsC]5	0	1	1046160	1095007	1	1	1	
C_5	RPE1_WT_U2	[DelC]5	0	0	1046160	1095007	1	1	1	
C_5	SETD2_KO19_d4	[DelC]5	0	0	1046160	1095007	1	1	1	
C_5	MSH3_KO5_d1	[InsC]5	0	0	1046160	1095007	1	1	1	
C_5	RPE1_WT_1	[InsC]5	0	0	1046160	1095007	1	1	1	
C_5	SETD2_KO19_d4	[InsC]5	0	0	1046160	1095007	1	1	1	
C_5	MSH3_KO5_d3	[DelC]5	1	3	1046160	1095007	0.348896614504424	0.0362921908618263	3.35413334720137	
C_5	SETD2_KO15_d3	[DelC]5	0	0	1046160	1095007	1	1	1	
C_5	RPE1_c2_OGG1_1110	[DelC]5	1	0	1046160	1095007	1	1	1	
C_5	MSH3_KO5_d3	[InsC]5	1	0	1046160	1095007	1	1	1	
C_5	POD478_2	[InsC]5	1	1	1046160	1095007	1.04669175526856	0.0654692663204547	16.7340141736839	
C_5	RPE1_WT_U1	[InsC]5	0	0	1046160	1095007	1	1	1	
C_5	RPE1_c2_OGG1_11_1	[DelC]5	1	0	1046160	1095007	1	1	1	
C_5	MLH_A	[DelC]5	19	15	1046160	1095007	1.32581541748834	0.673719844760513	2.60907636151732	
C_5	RPE1_WT_1	[DelC]5	0	0	1046160	1095007	1	1	1	
C_5	MSH3_KO5_d4	[InsC]5	0	0	1046160	1095007	1	1	1	
C_5	MLH_A	[InsC]5	10	12	1046160	1095007	0.872241870987271	0.376853320545753	2.018838205808	
C_5	POD689_2	[InsC]5	0	0	1046160	1095007	1	1	1	
C_5	POD478_1	[DelC]5	0	0	1046160	1095007	1	1	1	
C_5	MLH1_2	[DelC]5	20	18	1046160	1095007	1.16299390563829	0.615212915337418	2.19851500323265	
C_5	RPE1_WT_2	[DelC]5	0	0	1046160	1095007	1	1	1	
C_5	MSH3_KO5_d4	[DelC]5	1	0	1046160	1095007	1	1	1	
C_5	MLH1_2	[InsC]5	10	3	1046160	1095007	3.4889961605251	0.960217971933661	12.6774280048571	
C_5	SETD2_KO15_d3	[InsC]5	0	0	1046160	1095007	1	1	1	
C_5	RPE1_c2_OGG1_1110	[InsC]5	0	0	1046160	1095007	1	1	1	
C_5	POD689_1	[InsC]5	0	1	1046160	1095007	1	1	1	
C_5	POD689_1	[DelC]5	2	0	1046160	1095007	1	1	1	
C_5	POD689_2	[DelC]5	0	0	1046160	1095007	1	1	1	
C_5	MLH1_5	[DelC]5	14	21	1046160	1095007	0.697790429506653	0.354838119104291	1.37220737371785	
C_6	RPE1_c2_OGG1_11_1	[InsC]6	0	0	207835	212837	1	1	1	
C_6	RPE1_c2_MSH2_9_2	[InsC]6	18	16	207835	212837	1.1520887367251	0.587500166971075	2.25924779584647	
C_6	E_MSHd1	[InsC]6	5	15	207835	212837	0.341339877143178	0.124056808108489	0.939189984851358	*
C_6	RPE1_c2_MSH2_7_1	[DelC]6	25	18	207835	212837	1.42236631752295	0.776022689031606	2.60704483234691	
C_6	RPE1_c2_MSH2_9_3	[DelC]6	29	22	207835	212837	1.34995555295017	0.775609925662623	2.34960891376436	
C_6	POLE_P8_2	[DelC]6	0	0	207835	212837	1	1	1	
C_6	POLE_P8_5	[DelC]6	1	0	207835	212837	1	1	1	
C_6	RPE1_c2_MSH2_9_3	[InsC]6	17	12	207835	212837	1.45079869565357	0.692886318723001	3.03775207914237	
C_6	E_MSHd2	[InsC]6	11	14	207835	212837	0.804613862828987	0.365273856316962	1.77237833220346	
C_6	E_MSHd2	[DelC]6	10	16	207835	212837	0.640024660170817	0.290439951057174	1.41038298669226	
C_6	RPE1_c2_OGG1_11_1	[DelC]6	0	0	207835	212837	1	1	1	
C_6	EXO1_KO22_d1	[DelC]6	0	0	207835	212837	1	1	1	
C_6	RPE1_WT_1	[DelC]6	0	0	207835	212837	1	1	1	
C_6	E_MSHd1	[DelC]6	12	23	207835	212837	0.53426902366123	0.265846238060369	1.07371611397076	
C_6	RPE1_c2_OGG1_11_2	[DelC]6	0	0	207835	212837	1	1	1	
C_6	RPE1_c2_MSH2_7_1	[InsC]6	9	12	207835	212837	0.768040331816038	0.323616195319453	1.82279490281317	
C_6	POLE_P8_2	[InsC]6	1	3	207835	212837	0.34135255380095	0.0355072281676279	3.28162945967896	
C_6	DheMS6d2	[DelC]6	129	147	207835	212837	0.898608256528999	0.709325534119599	1.1384008609028	
C_6	RPE1_c2_MSH2_7_2	[DelC]6	18	19	207835	212837	0.970166312821275	0.509164676633286	1.84856239587712	
C_6	EXO1_KO22_d2	[InsC]6	0	0	207835	212837	1	1	1	
C_6	DheMS6d2	[InsC]6	96	86	207835	212837	1.14321089623081	0.854511003042926	1.52944918041647	
C_6	DheML6d1	[DelC]6	80	88	207835	212837	0.930943572083376	0.68770903570518	1.26020728157902	
C_6	POLE_P8_5	[InsC]6	0	0	207835	212837	1	1	1	
C_6	DheMS6d3	[DelC]6	159	130	207835	212837	1.25270624952774	0.993494851879179	1.57954814223506	
C_6	DheML6d1	[InsC]6	80	70	207835	212837	1.17042807977804	0.849198936934526	1.61316957705815	
C_6	EXO1_KO22_d3	[InsC]6	0	0	207835	212837	1	1	1	
C_6	DheMS6d3	[InsC]6	112	94	207835	212837	1.22028384568197	0.927607947016561	1.6053039097193	
C_6	EXO1_KO22_d1	[InsC]6	0	0	207835	212837	1	1	1	
C_6	RPE1_WT_1	[InsC]6	0	0	207835	212837	1	1	1	
C_6	EXO1_KO22_d2	[DelC]6	0	0	207835	212837	1	1	1	
C_6	RPE1_c2_OGG1_11_2	[InsC]6	0	0	207835	212837	1	1	1	
C_6	RPE1_WT_2	[DelC]6	0	0	207835	212837	1	1	1	
C_6	POLE_L424V_d2	[InsC]6	1	1	207835	212837	1.02406728446741	0.0640537946862227	16.3723914914603	
C_6	RPE1_c2_OGG1_1110	[DelC]6	0	0	207835	212837	1	1	1	
C_6	RPE1_c2_MSH2_7_2	[InsC]6	14	13	207835	212837	1.10284849424782	0.518385418892747	2.34627510137652	
C_6	EXO1_KO22_d3	[DelC]6	0	0	207835	212837	1	1	1	
C_6	RPE1_c2_OGG1_1110	[InsC]6	0	0	207835	212837	1	1	1	
C_6	POLE_L424V_d1	[DelC]6	1	0	207835	212837	1	1	1	
C_6	SETD2_KO19_d3	[DelC]6	0	0	207835	212837	1	1	1	
C_6	MLH1_5	[InsC]6	9	8	207835	212837	1.15208215045278	0.444493601776192	2.98607961079318	
C_6	DheML6d3	[DelC]6	72	83	207835	212837	0.888308730365791	0.64781774263592	1.2180777840899	
C_6	MLH_A	[DelC]6	17	17	207835	212837	1.02406913741832	0.522826697668528	2.00586083857099	
C_6	RPE1_c2_MSH2_9_2	[DelC]6	20	21	207835	212837	0.975299688482086	0.528658622019962	1.79928869545106	
C_6	MLH_A	[InsC]6	8	3	207835	212837	2.7309124095201	0.724495385048436	10.2938993710392	
C_6	SETD2_KO19_d4	[DelC]6	0	0	207835	212837	1	1	1	
C_6	MSH3_KO5_d1	[InsC]6	0	0	207835	212837	1	1	1	
C_6	MLH1_2	[DelC]6	12	9	207835	212837	1.36544399160183	0.575334095328032	3.24061672920411	
C_6	RPE1_WT_2	[InsC]6	0	0	207835	212837	1	1	1	
C_6	POLE_L424V_d3	[DelC]6	1	0	207835	212837	1	1	1	
C_6	MLH1_2	[InsC]6	11	14	207835	212837	0.804613862828987	0.365273856316962	1.77237833220346	
C_6	RPE1_c2_MSH2_7_3	[DelC]6	21	26	207835	212837	0.827113705969317	0.465385879851519	1.46999965452447	
C_6	POLE_L424V_d3	[InsC]6	1	0	207835	212837	1	1	1	
C_6	MLH1_5	[DelC]6	17	13	207835	212837	1.33919250349973	0.650454579546744	2.75720491149375	
C_6	POLE_L424V_d1	[InsC]6	1	1	207835	212837	1.02406728446741	0.0640537946862227	16.3723914914603	
C_6	SETD2_KO19_d3	[InsC]6	0	0	207835	212837	1	1	1	
C_6	MSH3_KO5_d1	[DelC]6	0	0	207835	212837	1	1	1	
C_6	DheML6d3	[InsC]6	87	60	207835	212837	1.48510045824749	1.06878350137157	2.06358291296278	*
C_6	POLE_P8_1	[InsC]6	2	5	207835	212837	0.409621186240876	0.0794714738788018	2.11131753355009	
C_6	POD689_1	[InsC]6	0	0	207835	212837	1	1	1	
C_6	POD478_1	[InsC]6	0	2	207835	212837	1	1	1	
C_6	SETD2_KO19_d4	[InsC]6	1	0	207835	212837	1	1	1	
C_6	MSH3_KO5_d3	[DelC]6	0	1	207835	212837	1	1	1	
C_6	POD478_2	[DelC]6	0	2	207835	212837	1	1	1	
C_6	RPE1_WT_U1	[DelC]6	0	0	207835	212837	1	1	1	
C_6	MSH3_KO5_d3	[InsC]6	0	0	207835	212837	1	1	1	
C_6	POD478_2	[InsC]6	3	1	207835	212837	3.07223141768351	0.31957113171286	29.5352268936557	
C_6	RPE1_c2_MSH2_7_3	[InsC]6	7	8	207835	212837	0.896055271666955	0.324928889917895	2.47104851182986	
C_6	POLE_P8_1	[DelC]6	0	1	207835	212837	1	1	1	
C_6	POD689_1	[DelC]6	1	0	207835	212837	1	1	1	
C_6	POLE_L424V_d2	[DelC]6	1	1	207835	212837	1.02406728446741	0.0640537946862227	16.3723914914603	
C_6	MSH3_KO5_d4	[InsC]6	0	0	207835	212837	1	1	1	
C_6	SETD2_KO15_d3	[DelC]6	0	0	207835	212837	1	1	1	
C_6	RPE1_WT_U2	[InsC]6	0	1	207835	212837	1	1	1	
C_6	POD478_1	[DelC]6	0	0	207835	212837	1	1	1	
C_6	POD689_2	[DelC]6	0	0	207835	212837	1	1	1	
C_6	RPE1_WT_U1	[InsC]6	0	0	207835	212837	1	1	1	
C_6	POD689_2	[InsC]6	0	1	207835	212837	1	1	1	
C_6	SETD2_KO15_d3	[InsC]6	0	0	207835	212837	1	1	1	
C_6	MSH3_KO5_d4	[DelC]6	0	0	207835	212837	1	1	1	
C_6	RPE1_WT_U2	[DelC]6	1	0	207835	212837	1	1	1	
C_7	RPE1_c2_OGG1_11_1	[InsC]7	0	0	32462	31360	1	1	1	
C_7	DheMS6d2	[DelC]7	45	44	32462	31360	0.987991710297908	0.65187084702637	1.49742487192083	
C_7	RPE1_WT_1	[InsC]7	1	0	32462	31360	1	1	1	
C_7	RPE1_c2_OGG1_11_2	[InsC]7	0	0	32462	31360	1	1	1	
C_7	RPE1_WT_2	[DelC]7	0	0	32462	31360	1	1	1	
C_7	E_MSHd1	[InsC]7	10	5	32462	31360	1.93239245655121	0.660426245182131	5.65413720816961	
C_7	RPE1_c2_OGG1_1110	[DelC]7	0	0	32462	31360	1	1	1	
C_7	DheMS6d2	[InsC]7	61	50	32462	31360	1.17892040369124	0.81088666914377	1.71399206711229	
C_7	DheML6d1	[DelC]7	21	25	32462	31360	0.81136216516137	0.454113615450776	1.44965607869272	
C_7	RPE1_c2_OGG1_1110	[InsC]7	0	0	32462	31360	1	1	1	
C_7	DheMS6d3	[DelC]7	51	61	32462	31360	0.807380716221117	0.55645562779977	1.17145660562945	
C_7	RPE1_WT_1	[DelC]7	0	0	32462	31360	1	1	1	
C_7	MLH1_5	[InsC]7	15	13	32462	31360	1.11472910853439	0.530335969362318	2.34308260649946	
C_7	RPE1_c2_OGG1_11_2	[DelC]7	0	0	32462	31360	1	1	1	
C_7	DheML6d3	[DelC]7	27	28	32462	31360	0.931493756744258	0.548897209923375	1.58077068559823	
C_7	MSH3_KO5_d1	[DelC]7	0	0	32462	31360	1	1	1	
C_7	POLE_P8_2	[DelC]7	0	0	32462	31360	1	1	1	
C_7	MLH_A	[InsC]7	13	13	32462	31360	0.966039015069802	0.447773002709987	2.08416178060978	
C_7	MSH3_KO5_d1	[InsC]7	0	0	32462	31360	1	1	1	
C_7	POLE_P8_2	[InsC]7	0	1	32462	31360	1	1	1	
C_7	RPE1_WT_2	[InsC]7	0	0	32462	31360	1	1	1	
C_7	E_MSHd2	[DelC]7	8	11	32462	31360	0.702510406337361	0.282537342644367	1.74674563862337	
C_7	POLE_P8_5	[DelC]7	0	0	32462	31360	1	1	1	
C_7	RPE1_WT_U1	[DelC]7	0	0	32462	31360	1	1	1	
C_7	DheML6d1	[InsC]7	51	39	32462	31360	1.26371388631115	0.832640359152921	1.91796226173843	
C_7	POLE_P8_5	[InsC]7	0	0	32462	31360	1	1	1	
C_7	DheMS6d3	[InsC]7	69	71	32462	31360	0.938709589056582	0.673719551555553	1.30792655571926	
C_7	EXO1_KO22_d1	[DelC]7	0	0	32462	31360	1	1	1	
C_7	RPE1_c2_MSH2_7_1	[DelC]7	13	12	32462	31360	1.04657565204886	0.477474987668101	2.2939852845713	
C_7	RPE1_c2_MSH2_9_2	[InsC]7	21	15	32462	31360	1.35270182793379	0.697211391166055	2.62445831849526	
C_7	DheML6d3	[InsC]7	47	37	32462	31360	1.2274772690321	0.797653242006373	1.88891659513681	
C_7	RPE1_c2_MSH2_7_1	[InsC]7	24	18	32462	31360	1.28828328914647	0.699064174261007	2.37413658745784	
C_7	RPE1_c2_MSH2_9_3	[DelC]7	16	16	32462	31360	0.966035874992295	0.483028288689567	1.9320303460982	
C_7	MLH1_2	[DelC]7	15	13	32462	31360	1.11472910853439	0.530335969362318	2.34308260649946	
C_7	MSH3_KO5_d3	[DelC]7	0	2	32462	31360	1	1	1	
C_7	RPE1_c2_MSH2_9_3	[InsC]7	16	15	32462	31360	1.03047114179457	0.509379820552812	2.08463455210887	
C_7	MLH1_2	[InsC]7	14	15	32462	31360	0.901606673241289	0.435139851476446	1.86812260581292	
C_7	E_MSHd2	[InsC]7	6	10	32462	31360	0.579553857530195	0.210612204595425	1.59479207020952	
C_7	RPE1_c2_OGG1_11_1	[DelC]7	0	0	32462	31360	1	1	1	
C_7	RPE1_WT_U1	[InsC]7	1	0	32462	31360	1	1	1	
C_7	MSH3_KO5_d4	[DelC]7	0	0	32462	31360	1	1	1	
C_7	POLE_P8_1	[DelC]7	0	1	32462	31360	1	1	1	
C_7	E_MSHd1	[DelC]7	10	11	32462	31360	0.878192127113611	0.372916615122668	2.06808005020276	
C_7	EXO1_KO22_d1	[InsC]7	0	0	32462	31360	1	1	1	
C_7	POLE_P8_1	[InsC]7	0	0	32462	31360	1	1	1	
C_7	EXO1_KO22_d2	[DelC]7	0	0	32462	31360	1	1	1	
C_7	RPE1_c2_MSH2_7_2	[DelC]7	13	17	32462	31360	0.738641451834825	0.358712229041746	1.52097182698827	
C_7	SETD2_KO19_d4	[DelC]7	0	0	32462	31360	1	1	1	
C_7	EXO1_KO22_d2	[InsC]7	1	0	32462	31360	1	1	1	
C_7	RPE1_c2_MSH2_7_2	[InsC]7	15	8	32462	31360	1.81172373408944	0.768028060697401	4.27372781885401	
C_7	MSH3_KO5_d3	[InsC]7	0	0	32462	31360	1	1	1	
C_7	POLE_L424V_d3	[InsC]7	1	1	32462	31360	0.966051569575799	0.0604227762736486	15.4454279103834	
C_7	MLH1_5	[DelC]7	20	12	32462	31360	1.61046380206728	0.78715998781185	3.2948748639761	
C_7	POLE_L424V_d1	[DelC]7	1	0	32462	31360	1	1	1	
C_7	EXO1_KO22_d3	[InsC]7	0	0	32462	31360	1	1	1	
C_7	RPE1_WT_U2	[DelC]7	1	0	32462	31360	1	1	1	
C_7	MSH3_KO5_d4	[InsC]7	0	0	32462	31360	1	1	1	
C_7	MLH_A	[DelC]7	13	14	32462	31360	0.897007611944898	0.421574431570616	1.90861351076105	
C_7	RPE1_WT_U2	[InsC]7	0	0	32462	31360	1	1	1	
C_7	POD478_1	[DelC]7	0	0	32462	31360	1	1	1	
C_7	EXO1_KO22_d3	[DelC]7	0	0	32462	31360	1	1	1	
C_7	SETD2_KO15_d3	[DelC]7	0	0	32462	31360	1	1	1	
C_7	POLE_L424V_d3	[DelC]7	0	0	32462	31360	1	1	1	
C_7	SETD2_KO19_d4	[InsC]7	1	0	32462	31360	1	1	1	
C_7	RPE1_c2_MSH2_7_3	[InsC]7	20	21	32462	31360	0.920000821979738	0.498600792168549	1.69755348514824	
C_7	RPE1_c2_MSH2_7_3	[DelC]7	24	15	32462	31360	1.54608792157346	0.810939317350358	2.94767784727178	
C_7	POD689_2	[InsC]7	0	0	32462	31360	1	1	1	
C_7	SETD2_KO19_d3	[DelC]7	0	0	32462	31360	1	1	1	
C_7	POLE_L424V_d2	[DelC]7	0	0	32462	31360	1	1	1	
C_7	POLE_L424V_d1	[InsC]7	0	1	32462	31360	1	1	1	
C_7	SETD2_KO19_d3	[InsC]7	1	0	32462	31360	1	1	1	
C_7	RPE1_c2_MSH2_9_2	[DelC]7	15	19	32462	31360	0.762563402990788	0.387433575515137	1.50091004066366	
C_7	POD689_1	[DelC]7	0	1	32462	31360	1	1	1	
C_7	SETD2_KO15_d3	[InsC]7	0	0	32462	31360	1	1	1	
C_7	POLE_L424V_d2	[InsC]7	0	2	32462	31360	1	1	1	
C_7	POD478_1	[InsC]7	0	0	32462	31360	1	1	1	
C_7	POD478_2	[InsC]7	1	1	32462	31360	0.966051569575799	0.0604227762736486	15.4454279103834	
C_7	POD478_2	[DelC]7	1	0	32462	31360	1	1	1	
C_7	POD689_1	[InsC]7	0	0	32462	31360	1	1	1	
C_7	POD689_2	[DelC]7	0	0	32462	31360	1	1	1	
C_8	POLE_P8_2	[InsC]8	0	0	6413	6166	1	1	1	
C_8	POLE_P8_5	[DelC]8	0	0	6413	6166	1	1	1	
C_8	RPE1_c2_OGG1_11_2	[InsC]8	0	0	6413	6166	1	1	1	
C_8	MLH1_5	[InsC]8	9	6	6413	6166	1.44284821986259	0.513264148988936	4.05602259511312	
C_8	RPE1_c2_OGG1_11_1	[InsC]8	0	0	6413	6166	1	1	1	
C_8	MSH3_KO5_d1	[InsC]8	0	0	6413	6166	1	1	1	
C_8	MSH3_KO5_d1	[DelC]8	0	0	6413	6166	1	1	1	
C_8	POLE_P8_2	[DelC]8	0	1	6413	6166	1	1	1	
C_8	MSH3_KO5_d3	[DelC]8	0	0	6413	6166	1	1	1	
C_8	RPE1_c2_OGG1_1110	[DelC]8	0	0	6413	6166	1	1	1	
C_8	MLH_A	[InsC]8	9	7	6413	6166	1.23652627821897	0.460223914887111	3.32228984037283	
C_8	MSH3_KO5_d3	[InsC]8	0	0	6413	6166	1	1	1	
C_8	POLE_P8_5	[InsC]8	0	0	6413	6166	1	1	1	
C_8	MSH3_KO5_d4	[DelC]8	0	0	6413	6166	1	1	1	
C_8	RPE1_WT_1	[DelC]8	0	0	6413	6166	1	1	1	
C_8	RPE1_c2_MSH2_7_1	[DelC]8	15	8	6413	6166	1.80466552047515	0.764597926551087	4.25951670505117	
C_8	RPE1_c2_OGG1_11_2	[DelC]8	0	0	6413	6166	1	1	1	
C_8	RPE1_c2_MSH2_7_1	[InsC]8	4	5	6413	6166	0.769043532532376	0.206417082064147	2.86520838787016	
C_8	RPE1_c2_MSH2_9_2	[InsC]8	4	8	6413	6166	0.480418161959744	0.144592510550164	1.59622105918623	
C_8	POD478_1	[DelC]8	0	0	6413	6166	1	1	1	
C_8	RPE1_c2_MSH2_7_2	[DelC]8	6	4	6413	6166	1.44264086155767	0.406911651851988	5.11465485434881	
C_8	RPE1_c2_MSH2_9_3	[DelC]8	9	8	6413	6166	1.08178482198626	0.417111696680794	2.80562355453535	
C_8	MLH1_2	[DelC]8	4	4	6413	6166	0.961460446247465	0.240352961945408	3.84603618867962	
C_8	RPE1_c2_MSH2_7_2	[InsC]8	4	7	6413	6166	0.549138488286561	0.160674489243906	1.87679500794857	
C_8	DheML6d1	[DelC]8	8	3	6413	6166	2.56591204787926	0.680417502766933	9.67627171652456	
C_8	RPE1_c2_OGG1_1110	[InsC]8	0	0	6413	6166	1	1	1	
C_8	RPE1_c2_MSH2_7_3	[DelC]8	6	10	6413	6166	0.576494459185266	0.209398762947685	1.58714338515144	
C_8	SETD2_KO19_d3	[DelC]8	0	0	6413	6166	1	1	1	
C_8	RPE1_WT_U1	[InsC]8	0	0	6413	6166	1	1	1	
C_8	MSH3_KO5_d4	[InsC]8	0	0	6413	6166	1	1	1	
C_8	RPE1_WT_1	[InsC]8	0	0	6413	6166	1	1	1	
C_8	E_MSHd1	[DelC]8	2	1	6413	6166	1.92325690219934	0.174350023481573	21.215466668683	
C_8	DheML6d3	[InsC]8	9	13	6413	6166	0.665173209052035	0.284129518745471	1.55723136404191	
C_8	RPE1_WT_2	[DelC]8	0	0	6413	6166	1	1	1	
C_8	E_MSHd1	[InsC]8	1	2	6413	6166	0.480661260137243	0.0435736389467534	5.3021793125666	
C_8	POD478_1	[InsC]8	0	0	6413	6166	1	1	1	
C_8	RPE1_WT_2	[InsC]8	0	0	6413	6166	1	1	1	
C_8	RPE1_c2_MSH2_9_3	[InsC]8	7	3	6413	6166	2.24482256218129	0.580230870515828	8.68486768240764	
C_8	MLH1_2	[InsC]8	9	5	6413	6166	1.73169893816365	0.580031950055423	5.17002763753026	
C_8	RPE1_WT_U1	[DelC]8	0	0	6413	6166	1	1	1	
C_8	DheML6d1	[InsC]8	9	7	6413	6166	1.23652627821897	0.460223914887111	3.32228984037283	
C_8	MLH1_5	[DelC]8	6	2	6413	6166	2.88621819884501	0.582317859768505	14.3053408917524	
C_8	RPE1_c2_MSH2_7_3	[InsC]8	3	7	6413	6166	0.411789614441721	0.106437385199035	1.59314968368462	
C_8	SETD2_KO19_d3	[InsC]8	0	1	6413	6166	1	1	1	
C_8	RPE1_WT_U2	[DelC]8	0	0	6413	6166	1	1	1	
C_8	RPE1_c2_MSH2_9_2	[DelC]8	11	12	6413	6166	0.881156930126002	0.388523144637571	1.99843315958273	
C_8	SETD2_KO19_d4	[DelC]8	0	0	6413	6166	1	1	1	
C_8	RPE1_WT_U2	[InsC]8	0	0	6413	6166	1	1	1	
C_8	DheMS6d2	[DelC]8	14	11	6413	6166	1.22419696259359	0.555336084618915	2.69865086158012	
C_8	SETD2_KO19_d4	[InsC]8	0	0	6413	6166	1	1	1	
C_8	E_MSHd2	[DelC]8	1	1	6413	6166	0.961478477854024	0.0601261027285552	15.3750338276533	
C_8	POD478_2	[DelC]8	0	0	6413	6166	1	1	1	
C_8	POD689_2	[InsC]8	0	0	6413	6166	1	1	1	
C_8	RPE1_c2_OGG1_11_1	[DelC]8	0	0	6413	6166	1	1	1	
C_8	POD478_2	[InsC]8	1	0	6413	6166	1	1	1	
C_8	POLE_L424V_d1	[DelC]8	0	0	6413	6166	1	1	1	
C_8	DheML6d3	[DelC]8	8	7	6413	6166	1.09896286383406	0.398274530788774	3.03237913228971	
C_8	POD689_1	[DelC]8	0	0	6413	6166	1	1	1	
C_8	POLE_L424V_d1	[InsC]8	0	0	6413	6166	1	1	1	
C_8	EXO1_KO22_d1	[InsC]8	0	0	6413	6166	1	1	1	
C_8	POD689_1	[InsC]8	0	0	6413	6166	1	1	1	
C_8	EXO1_KO22_d2	[DelC]8	0	0	6413	6166	1	1	1	
C_8	E_MSHd2	[InsC]8	3	3	6413	6166	0.961466458658346	0.193983643391789	4.76544174014699	
C_8	SETD2_KO15_d3	[DelC]8	0	0	6413	6166	1	1	1	
C_8	DheMS6d2	[InsC]8	9	11	6413	6166	0.7863693146329	0.325640438731151	1.89895549031227	
C_8	POLE_L424V_d3	[DelC]8	0	0	6413	6166	1	1	1	
C_8	DheMS6d3	[InsC]8	15	8	6413	6166	1.80466552047515	0.764597926551087	4.25951670505117	
C_8	DheMS6d3	[DelC]8	13	6	6413	6166	2.08541666666667	0.792153387776443	5.4900512207851	
C_8	POD689_2	[DelC]8	0	0	6413	6166	1	1	1	
C_8	EXO1_KO22_d1	[DelC]8	0	0	6413	6166	1	1	1	
C_8	POLE_L424V_d2	[DelC]8	0	0	6413	6166	1	1	1	
C_8	SETD2_KO15_d3	[InsC]8	0	0	6413	6166	1	1	1	
C_8	POLE_L424V_d3	[InsC]8	0	0	6413	6166	1	1	1	
C_8	POLE_P8_1	[InsC]8	0	0	6413	6166	1	1	1	
C_8	MLH_A	[DelC]8	3	2	6413	6166	1.44243369734789	0.240940806748572	8.63537812179692	
C_8	POLE_P8_1	[DelC]8	0	0	6413	6166	1	1	1	
C_8	EXO1_KO22_d3	[InsC]8	0	0	6413	6166	1	1	1	
C_8	EXO1_KO22_d2	[InsC]8	0	0	6413	6166	1	1	1	
C_8	POLE_L424V_d2	[InsC]8	0	0	6413	6166	1	1	1	
C_8	EXO1_KO22_d3	[DelC]8	0	0	6413	6166	1	1	1	
C_9	MSH3_KO5_d1	[DelC]9	0	0	2471	2446	1	1	1	
C_9	SETD2_KO19_d3	[DelC]9	0	0	2471	2446	1	1	1	
C_9	POLE_P8_2	[InsC]9	0	0	2471	2446	1	1	1	
C_9	RPE1_c2_MSH2_9_3	[DelC]9	3	0	2471	2446	1	1	1	
C_9	RPE1_c2_MSH2_9_2	[InsC]9	0	2	2471	2446	1	1	1	
C_9	POLE_P8_5	[InsC]9	0	0	2471	2446	1	1	1	
C_9	POLE_P8_5	[DelC]9	0	0	2471	2446	1	1	1	
C_9	MSH3_KO5_d1	[InsC]9	0	0	2471	2446	1	1	1	
C_9	SETD2_KO19_d3	[InsC]9	0	0	2471	2446	1	1	1	
C_9	E_MSHd1	[DelC]9	0	0	2471	2446	1	1	1	
C_9	MLH1_5	[InsC]9	2	0	2471	2446	1	1	1	
C_9	RPE1_c2_MSH2_9_3	[InsC]9	1	1	2471	2446	0.989878542510121	0.0618808459659296	15.834617539997	
C_9	E_MSHd1	[InsC]9	0	1	2471	2446	1	1	1	
C_9	DheMS6d2	[DelC]9	0	2	2471	2446	1	1	1	
C_9	RPE1_c2_OGG1_11_1	[DelC]9	0	0	2471	2446	1	1	1	
C_9	POLE_L424V_d1	[DelC]9	0	0	2471	2446	1	1	1	
C_9	DheMS6d2	[InsC]9	1	0	2471	2446	1	1	1	
C_9	RPE1_c2_MSH2_7_1	[DelC]9	0	1	2471	2446	1	1	1	
C_9	RPE1_WT_U2	[DelC]9	0	0	2471	2446	1	1	1	
C_9	POLE_P8_2	[DelC]9	0	0	2471	2446	1	1	1	
C_9	SETD2_KO19_d4	[DelC]9	0	0	2471	2446	1	1	1	
C_9	RPE1_WT_U2	[InsC]9	0	0	2471	2446	1	1	1	
C_9	RPE1_c2_OGG1_11_2	[InsC]9	0	0	2471	2446	1	1	1	
C_9	MSH3_KO5_d3	[DelC]9	0	0	2471	2446	1	1	1	
C_9	E_MSHd2	[DelC]9	0	0	2471	2446	1	1	1	
C_9	RPE1_c2_OGG1_1110	[DelC]9	0	0	2471	2446	1	1	1	
C_9	MSH3_KO5_d3	[InsC]9	0	0	2471	2446	1	1	1	
C_9	E_MSHd2	[InsC]9	0	0	2471	2446	1	1	1	
C_9	DheMS6d3	[DelC]9	1	2	2471	2446	0.494736842105263	0.0448318532442076	5.45961242340372	
C_9	RPE1_c2_OGG1_11_1	[InsC]9	0	0	2471	2446	1	1	1	
C_9	RPE1_WT_1	[DelC]9	0	0	2471	2446	1	1	1	
C_9	POLE_L424V_d1	[InsC]9	0	0	2471	2446	1	1	1	
C_9	RPE1_c2_OGG1_11_2	[DelC]9	0	0	2471	2446	1	1	1	
C_9	RPE1_c2_MSH2_7_1	[InsC]9	1	2	2471	2446	0.494736842105263	0.0448318532442076	5.45961242340372	
C_9	MLH_A	[InsC]9	1	0	2471	2446	1	1	1	
C_9	EXO1_KO22_d2	[DelC]9	0	0	2471	2446	1	1	1	
C_9	SETD2_KO19_d4	[InsC]9	0	0	2471	2446	1	1	1	
C_9	SETD2_KO15_d3	[DelC]9	0	0	2471	2446	1	1	1	
C_9	POLE_L424V_d3	[DelC]9	0	0	2471	2446	1	1	1	
C_9	RPE1_c2_MSH2_7_2	[InsC]9	2	2	2471	2446	0.98987444309437	0.139325984349763	7.03279734691542	
C_9	SETD2_KO15_d3	[InsC]9	0	0	2471	2446	1	1	1	
C_9	RPE1_c2_OGG1_1110	[InsC]9	0	0	2471	2446	1	1	1	
C_9	MSH3_KO5_d4	[DelC]9	0	0	2471	2446	1	1	1	
C_9	EXO1_KO22_d1	[DelC]9	0	0	2471	2446	1	1	1	
C_9	DheMS6d3	[InsC]9	1	3	2471	2446	0.329689608636977	0.0342706490149122	3.17167142051808	
C_9	EXO1_KO22_d1	[InsC]9	0	0	2471	2446	1	1	1	
C_9	RPE1_WT_1	[InsC]9	0	0	2471	2446	1	1	1	
C_9	POLE_L424V_d2	[DelC]9	0	0	2471	2446	1	1	1	
C_9	POD478_1	[DelC]9	0	0	2471	2446	1	1	1	
C_9	RPE1_c2_MSH2_7_2	[DelC]9	5	0	2471	2446	1	1	1	
C_9	MLH1_2	[DelC]9	2	0	2471	2446	1	1	1	
C_9	EXO1_KO22_d2	[InsC]9	0	0	2471	2446	1	1	1	
C_9	RPE1_WT_2	[InsC]9	0	0	2471	2446	1	1	1	
C_9	DheML6d1	[DelC]9	0	1	2471	2446	1	1	1	
C_9	POLE_L424V_d3	[InsC]9	0	0	2471	2446	1	1	1	
C_9	RPE1_c2_MSH2_7_3	[DelC]9	0	1	2471	2446	1	1	1	
C_9	POD478_2	[InsC]9	0	0	2471	2446	1	1	1	
C_9	RPE1_WT_U1	[InsC]9	0	0	2471	2446	1	1	1	
C_9	MSH3_KO5_d4	[InsC]9	0	0	2471	2446	1	1	1	
C_9	MLH_A	[DelC]9	0	0	2471	2446	1	1	1	
C_9	RPE1_c2_MSH2_9_2	[DelC]9	1	1	2471	2446	0.989878542510121	0.0618808459659296	15.834617539997	
C_9	DheML6d3	[InsC]9	2	0	2471	2446	1	1	1	
C_9	RPE1_WT_2	[DelC]9	0	0	2471	2446	1	1	1	
C_9	POLE_L424V_d2	[InsC]9	0	0	2471	2446	1	1	1	
C_9	POD478_1	[InsC]9	0	0	2471	2446	1	1	1	
C_9	POD689_2	[DelC]9	0	0	2471	2446	1	1	1	
C_9	MLH1_2	[InsC]9	2	0	2471	2446	1	1	1	
C_9	EXO1_KO22_d3	[DelC]9	0	0	2471	2446	1	1	1	
C_9	RPE1_WT_U1	[DelC]9	0	0	2471	2446	1	1	1	
C_9	DheML6d1	[InsC]9	0	1	2471	2446	1	1	1	
C_9	POLE_P8_1	[DelC]9	0	0	2471	2446	1	1	1	
C_9	RPE1_c2_MSH2_7_3	[InsC]9	1	1	2471	2446	0.989878542510121	0.0618808459659296	15.834617539997	
C_9	POD689_1	[DelC]9	0	0	2471	2446	1	1	1	
C_9	POLE_P8_1	[InsC]9	0	0	2471	2446	1	1	1	
C_9	MLH1_5	[DelC]9	1	1	2471	2446	0.989878542510121	0.0618808459659296	15.834617539997	
C_9	POD689_1	[InsC]9	0	0	2471	2446	1	1	1	
C_9	POD478_2	[DelC]9	0	0	2471	2446	1	1	1	
C_9	POD689_2	[InsC]9	0	0	2471	2446	1	1	1	
C_9	EXO1_KO22_d3	[InsC]9	0	0	2471	2446	1	1	1	
C_9	DheML6d3	[DelC]9	4	3	2471	2446	1.32036211322794	0.295204735060098	5.90558315296955	
T_2	SETD2_KO19_d3	[InsT]2	0	0	89310261	87254718	1	1	1	
T_2	RPE1_c2_OGG1_11_2	[DelT]2	1	0	89310261	87254718	1	1	1	
T_2	POLE_L424V_d3	[DelT]2	1	1	89310261	87254718	0.976984245707044	0.0611092265621488	15.6195433988847	
T_2	POLE_P8_2	[InsT]2	2	0	89310261	87254718	1	1	1	
T_2	POLE_P8_1	[DelT]2	1	0	89310261	87254718	1	1	1	
T_2	RPE1_c2_MSH2_9_2	[InsT]2	8	6	89310261	87254718	1.30264568839593	0.451985929076137	3.75428897303278	
T_2	POD689_1	[DelT]2	1	0	89310261	87254718	1	1	1	
T_2	POLE_P8_1	[InsT]2	0	1	89310261	87254718	1	1	1	
T_2	MSH3_KO5_d1	[DelT]2	2	0	89310261	87254718	1	1	1	
T_2	POD689_1	[InsT]2	1	3	89310261	87254718	0.325661407771067	0.0338753200718163	3.13075573268662	
T_2	SETD2_KO19_d4	[DelT]2	0	0	89310261	87254718	1	1	1	
T_2	E_MSHd1	[InsT]2	20	21	89310261	87254718	0.930461171060678	0.504369031501326	1.71651694846244	
T_2	RPE1_c2_OGG1_11_2	[InsT]2	0	0	89310261	87254718	1	1	1	
T_2	RPE1_c2_MSH2_9_3	[DelT]2	15	3	89310261	87254718	4.88492188231124	1.41419886032993	16.873483967252	*
T_2	POLE_L424V_d3	[InsT]2	0	0	89310261	87254718	1	1	1	
T_2	POLE_P8_5	[DelT]2	0	0	89310261	87254718	1	1	1	
T_2	POLE_L424V_d1	[DelT]2	0	0	89310261	87254718	1	1	1	
T_2	E_MSHd2	[InsT]2	20	21	89310261	87254718	0.930461171060678	0.504369031501326	1.71651694846244	
T_2	SETD2_KO19_d3	[DelT]2	0	1	89310261	87254718	1	1	1	
T_2	MLH1_5	[InsT]2	8	12	89310261	87254718	0.651322799410276	0.266242687122064	1.59336353466545	
T_2	RPE1_c2_OGG1_11_1	[InsT]2	0	0	89310261	87254718	1	1	1	
T_2	RPE1_c2_MSH2_7_1	[DelT]2	6	4	89310261	87254718	1.46547640021854	0.413552433349247	5.19310468615674	
T_2	E_MSHd1	[DelT]2	56	79	89310261	87254718	0.692545601825526	0.491761934130126	0.975308126393059	*
T_2	POLE_P8_2	[DelT]2	1	3	89310261	87254718	0.325661407771067	0.0338753200718163	3.13075573268662	
T_2	MSH3_KO5_d1	[InsT]2	0	0	89310261	87254718	1	1	1	
T_2	POD689_2	[DelT]2	1	0	89310261	87254718	1	1	1	
T_2	SETD2_KO19_d4	[InsT]2	1	0	89310261	87254718	1	1	1	
T_2	E_MSHd2	[DelT]2	60	60	89310261	87254718	0.976984230502404	0.683093373333752	1.39731729791502	
T_2	RPE1_c2_OGG1_1110	[DelT]2	0	0	89310261	87254718	1	1	1	
T_2	RPE1_c2_MSH2_9_3	[InsT]2	5	13	89310261	87254718	0.375763136577247	0.133962199739885	1.05401325959514	
T_2	MSH3_KO5_d3	[InsT]2	0	1	89310261	87254718	1	1	1	
T_2	POLE_P8_5	[InsT]2	0	1	89310261	87254718	1	1	1	
T_2	POLE_L424V_d1	[InsT]2	1	0	89310261	87254718	1	1	1	
T_2	EXO1_KO22_d1	[DelT]2	4	1	89310261	87254718	3.90793711409878	0.436792629376444	34.9638969630797	
T_2	RPE1_WT_1	[DelT]2	1	0	89310261	87254718	1	1	1	
T_2	RPE1_WT_U2	[DelT]2	1	1	89310261	87254718	0.976984245707044	0.0611092265621488	15.6195433988847	
T_2	RPE1_WT_1	[InsT]2	1	0	89310261	87254718	1	1	1	
T_2	RPE1_c2_MSH2_7_1	[InsT]2	4	9	89310261	87254718	0.434215195088585	0.133720050796811	1.40998178300359	
T_2	EXO1_KO22_d2	[DelT]2	0	1	89310261	87254718	1	1	1	
T_2	DheMS6d2	[DelT]2	169	126	89310261	87254718	1.31040009187209	1.04043761661408	1.65040976350561	*
T_2	MSH3_KO5_d3	[DelT]2	1	1	89310261	87254718	0.976984245707044	0.0611092265621488	15.6195433988847	
T_2	POD689_2	[InsT]2	4	3	89310261	87254718	1.30264567484113	0.291548205038561	5.82025793627463	
T_2	DheMS6d2	[InsT]2	89	144	89310261	87254718	0.603830146115197	0.463599762752803	0.786477635778935	*
T_2	DheML6d1	[DelT]2	98	57	89310261	87254718	1.67972804594419	1.21184814636433	2.32825071094613	*
T_2	RPE1_c2_OGG1_1110	[InsT]2	1	0	89310261	87254718	1	1	1	
T_2	RPE1_c2_OGG1_11_1	[DelT]2	0	0	89310261	87254718	1	1	1	
T_2	MSH3_KO5_d4	[DelT]2	2	2	89310261	87254718	0.976984245449339	0.137621411432265	6.93568105371452	
T_2	EXO1_KO22_d3	[InsT]2	0	0	89310261	87254718	1	1	1	
T_2	POLE_L424V_d2	[DelT]2	1	1	89310261	87254718	0.976984245707044	0.0611092265621488	15.6195433988847	
T_2	EXO1_KO22_d1	[InsT]2	1	0	89310261	87254718	1	1	1	
T_2	MLH_A	[DelT]2	9	9	89310261	87254718	0.976984243645399	0.387817393926017	2.46120526639777	
T_2	RPE1_WT_U2	[InsT]2	1	0	89310261	87254718	1	1	1	
T_2	RPE1_WT_2	[DelT]2	3	1	89310261	87254718	2.93095280275643	0.304877894461962	28.1768028710182	
T_2	RPE1_c2_MSH2_7_2	[DelT]2	9	10	89310261	87254718	0.879285809203629	0.357297456145902	2.16386520801639	
T_2	EXO1_KO22_d2	[InsT]2	0	0	89310261	87254718	1	1	1	
T_2	RPE1_WT_2	[InsT]2	0	0	89310261	87254718	1	1	1	
T_2	RPE1_c2_MSH2_7_2	[InsT]2	4	8	89310261	87254718	0.488492100073119	0.147097457632579	1.62222063980116	
T_2	EXO1_KO22_d3	[DelT]2	1	1	89310261	87254718	0.976984245707044	0.0611092265621488	15.6195433988847	
T_2	DheMS6d3	[DelT]2	176	142	89310261	87254718	1.21091046696904	0.970723490921422	1.510527119956	
T_2	DheML6d1	[InsT]2	70	95	89310261	87254718	0.719882909054166	0.528666681607373	0.980261137646584	*
T_2	POD478_2	[InsT]2	7	11	89310261	87254718	0.621717217782895	0.241013974480328	1.60377546456026	
T_2	DheMS6d3	[InsT]2	96	148	89310261	87254718	0.633719117179091	0.490172540186052	0.819303177052336	*
T_2	MSH3_KO5_d4	[InsT]2	0	0	89310261	87254718	1	1	1	
T_2	SETD2_KO15_d3	[DelT]2	0	2	89310261	87254718	1	1	1	
T_2	POLE_L424V_d2	[InsT]2	0	0	89310261	87254718	1	1	1	
T_2	MLH_A	[InsT]2	8	9	89310261	87254718	0.868430429072162	0.335062178799348	2.2508401659684	
T_2	SETD2_KO15_d3	[InsT]2	0	0	89310261	87254718	1	1	1	
T_2	RPE1_WT_U1	[DelT]2	3	2	89310261	87254718	1.46547638458283	0.244873433166688	8.77033088480472	
T_2	MLH1_2	[DelT]2	14	3	89310261	87254718	4.5592603724408	1.31024432788027	15.8648693998457	*
T_2	RPE1_c2_MSH2_9_2	[DelT]2	7	7	89310261	87254718	0.976984244160811	0.342689800547845	2.78531258243622	
T_2	RPE1_WT_U1	[InsT]2	0	0	89310261	87254718	1	1	1	
T_2	DheML6d3	[DelT]2	74	45	89310261	87254718	1.60659681819574	1.10916608203194	2.32711167249915	*
T_2	RPE1_c2_MSH2_7_3	[DelT]2	7	10	89310261	87254718	0.68388894739903	0.260320796977577	1.7966451309491	
T_2	POD478_1	[InsT]2	6	4	89310261	87254718	1.46547640021854	0.413552433349247	5.19310468615674	
T_2	POD478_1	[DelT]2	1	0	89310261	87254718	1	1	1	
T_2	MLH1_5	[DelT]2	8	11	89310261	87254718	0.710533971136245	0.285802061003817	1.76646215344087	
T_2	MLH1_2	[InsT]2	7	9	89310261	87254718	0.759876616929862	0.282994375772708	2.04036730899745	
T_2	POD478_2	[DelT]2	2	4	89310261	87254718	0.488492111527747	0.0894736972168316	2.66697979906376	
T_2	DheML6d3	[InsT]2	65	65	89310261	87254718	0.976984229213874	0.692750535838598	1.37783824732402	
T_2	RPE1_c2_MSH2_7_3	[InsT]2	2	8	89310261	87254718	0.244246044566952	0.0518672976113495	1.15016846903448	
T_3	RPE1_c2_OGG1_11_2	[InsT]3	0	0	34974500	33573370	1	1	1	
T_3	POLE_L424V_d1	[DelT]3	6	8	34974500	33573370	0.719953846937714	0.24980621377467	2.07494254801828	
T_3	RPE1_c2_OGG1_1110	[DelT]3	0	0	34974500	33573370	1	1	1	
T_3	RPE1_c2_OGG1_11_2	[DelT]3	0	0	34974500	33573370	1	1	1	
T_3	POD689_1	[InsT]3	4	1	34974500	33573370	3.83975443134334	0.429171793902191	34.3538748410408	
T_3	RPE1_c2_OGG1_11_1	[InsT]3	1	1	34974500	33573370	0.95993852549539	0.0600430351318304	15.3470251912992	
T_3	POD689_1	[DelT]3	0	1	34974500	33573370	1	1	1	
T_3	POD689_2	[DelT]3	0	1	34974500	33573370	1	1	1	
T_3	DheMS6d2	[DelT]3	486	402	34974500	33573370	1.16052492701513	1.01687570345773	1.32446679731242	*
T_3	POLE_L424V_d1	[InsT]3	6	5	34974500	33573370	1.1519262580325	0.35155761240451	3.77444281427748	
T_3	RPE1_WT_1	[InsT]3	0	0	34974500	33573370	1	1	1	
T_3	POLE_L424V_d3	[InsT]3	3	1	34974500	33573370	2.87981574116706	0.299558605025338	27.6851960315815	
T_3	RPE1_WT_U2	[InsT]3	0	1	34974500	33573370	1	1	1	
T_3	RPE1_WT_U2	[DelT]3	2	1	34974500	33573370	1.91987710588441	0.174087939458935	21.1727941243658	
T_3	POD689_2	[InsT]3	1	2	34974500	33573370	0.479969248451565	0.0435219823240172	5.29319822208632	
T_3	SETD2_KO15_d3	[DelT]3	2	0	34974500	33573370	1	1	1	
T_3	DheMS6d2	[InsT]3	143	166	34974500	33573370	0.826934288228607	0.661233810769175	1.03415812366386	
T_3	RPE1_WT_2	[DelT]3	3	0	34974500	33573370	1	1	1	
T_3	RPE1_c2_OGG1_1110	[InsT]3	0	0	34974500	33573370	1	1	1	
T_3	POLE_P8_1	[DelT]3	12	3	34974500	33573370	3.83975508090354	1.08356570656648	13.6066682361547	*
T_3	RPE1_WT_1	[DelT]3	0	1	34974500	33573370	1	1	1	
T_3	POLE_L424V_d2	[DelT]3	5	2	34974500	33573370	2.39984651672597	0.465604459920188	12.369433284271	
T_3	POLE_P8_1	[InsT]3	4	7	34974500	33573370	0.548536249304146	0.160578165097499	1.8738040543555	
T_3	SETD2_KO19_d3	[InsT]3	0	0	34974500	33573370	1	1	1	
T_3	POLE_L424V_d2	[InsT]3	1	1	34974500	33573370	0.95993852549539	0.0600430351318304	15.3470251912992	
T_3	POLE_P8_2	[DelT]3	7	8	34974500	33573370	0.83994617877663	0.304587978722459	2.31627520626585	
T_3	MLH_A	[InsT]3	10	7	34974500	33573370	1.3713408585188	0.521997791041223	3.60265078227996	
T_3	POLE_L424V_d3	[DelT]3	5	3	34974500	33573370	1.59989763016354	0.382351189963896	6.69455854771792	
T_3	POLE_P8_2	[InsT]3	6	1	34974500	33573370	5.75963197637684	0.693412975095127	47.8406976719057	
T_3	RPE1_WT_2	[InsT]3	0	3	34974500	33573370	1	1	1	
T_3	DheML6d1	[DelT]3	278	218	34974500	33573370	1.22414357249234	1.02524209907331	1.46163280597704	*
T_3	SETD2_KO15_d3	[InsT]3	0	0	34974500	33573370	1	1	1	
T_3	DheMS6d3	[DelT]3	515	378	34974500	33573370	1.3078572877532	1.14527229413921	1.49352315067987	*
T_3	DheML6d1	[InsT]3	120	141	34974500	33573370	0.816968330848576	0.64045137211915	1.04213572281228	
T_3	MLH1_5	[InsT]3	7	9	34974500	33573370	0.746618803340798	0.278056861874371	2.00476849858826	
T_3	DheMS6d3	[InsT]3	146	173	34974500	33573370	0.810120738508265	0.649965034665009	1.00973987208317	
T_3	DheML6d3	[DelT]3	215	170	34974500	33573370	1.21404121712315	0.992823141966258	1.48455048494825	
T_3	MSH3_KO5_d1	[DelT]3	1	1	34974500	33573370	0.95993852549539	0.0600430351318304	15.3470251912992	
T_3	RPE1_c2_MSH2_9_2	[InsT]3	9	7	34974500	33573370	1.23420673737815	0.459645070233957	3.31400545602345	
T_3	SETD2_KO19_d4	[DelT]3	1	1	34974500	33573370	0.95993852549539	0.0600430351318304	15.3470251912992	
T_3	E_MSHd1	[InsT]3	56	76	34974500	33573370	0.707322656268072	0.500854506872166	0.998903540260677	*
T_3	RPE1_c2_MSH2_9_3	[DelT]3	11	9	34974500	33573370	1.17325825371999	0.486191005966102	2.83126366598819	
T_3	MLH1_2	[DelT]3	16	15	34974500	33573370	1.02393443936633	0.506235097790626	2.07105698655857	
T_3	E_MSHd2	[DelT]3	285	425	34974500	33573370	0.643720579323266	0.554022656063069	0.747940864348172	*
T_3	POLE_P8_5	[DelT]3	2	1	34974500	33573370	1.91987710588441	0.174087939458935	21.1727941243658	
T_3	RPE1_WT_U1	[DelT]3	1	2	34974500	33573370	0.479969248451565	0.0435219823240172	5.29319822208632	
T_3	E_MSHd2	[InsT]3	58	59	34974500	33573370	0.943668288703748	0.656789584086953	1.35585256021229	
T_3	SETD2_KO19_d3	[DelT]3	0	0	34974500	33573370	1	1	1	
T_3	RPE1_WT_U1	[InsT]3	2	0	34974500	33573370	1	1	1	
T_3	EXO1_KO22_d1	[DelT]3	0	0	34974500	33573370	1	1	1	
T_3	RPE1_c2_MSH2_7_1	[DelT]3	13	10	34974500	33573370	1.24792017678487	0.547208001869463	2.84591007862905	
T_3	E_MSHd1	[DelT]3	277	388	34974500	33573370	0.685314445506568	0.587399918989344	0.799550483473074	*
T_3	DheML6d3	[InsT]3	108	107	34974500	33573370	0.968909818734922	0.741615831269126	1.26586596086332	
T_3	MSH3_KO5_d1	[InsT]3	1	0	34974500	33573370	1	1	1	
T_3	EXO1_KO22_d2	[DelT]3	0	0	34974500	33573370	1	1	1	
T_3	SETD2_KO19_d4	[InsT]3	0	0	34974500	33573370	1	1	1	
T_3	MSH3_KO5_d3	[DelT]3	1	6	34974500	33573370	0.159989730422348	0.0192614659082115	1.32890788077055	
T_3	RPE1_c2_MSH2_9_3	[InsT]3	11	11	34974500	33573370	0.959938514040906	0.416188236414527	2.21409898241636	
T_3	MLH1_2	[InsT]3	8	6	34974500	33573370	1.27991809954905	0.444099987450557	3.68878718271891	
T_3	MSH3_KO5_d3	[InsT]3	0	0	34974500	33573370	1	1	1	
T_3	POLE_P8_5	[InsT]3	2	4	34974500	33573370	0.479969233582709	0.0879126174808151	2.62044825631823	
T_3	MLH1_5	[DelT]3	15	21	34974500	33573370	0.685670241361054	0.35347327627094	1.33006852695636	
T_3	MSH3_KO5_d4	[DelT]3	1	1	34974500	33573370	0.95993852549539	0.0600430351318304	15.3470251912992	
T_3	EXO1_KO22_d3	[InsT]3	0	0	34974500	33573370	1	1	1	
T_3	MSH3_KO5_d4	[InsT]3	0	0	34974500	33573370	1	1	1	
T_3	EXO1_KO22_d1	[InsT]3	1	2	34974500	33573370	0.479969248451565	0.0435219823240172	5.29319822208632	
T_3	RPE1_c2_MSH2_7_1	[InsT]3	4	11	34974500	33573370	0.34906848069571	0.111151663361172	1.09623914326212	
T_3	POD478_1	[DelT]3	3	2	34974500	33573370	1.43990782769513	0.24060105191732	8.61731291586457	
T_3	RPE1_c2_MSH2_7_2	[DelT]3	12	19	34974500	33573370	0.60627682910499	0.294309161057226	1.24893018005012	
T_3	RPE1_c2_OGG1_11_1	[DelT]3	1	0	34974500	33573370	1	1	1	
T_3	EXO1_KO22_d2	[InsT]3	1	0	34974500	33573370	1	1	1	
T_3	RPE1_c2_MSH2_7_2	[InsT]3	7	5	34974500	33573370	1.34391400613012	0.426539100571294	4.23432424707062	
T_3	POD478_2	[InsT]3	14	15	34974500	33573370	0.895942583211468	0.432477660754381	1.85607994413271	
T_3	RPE1_c2_MSH2_7_3	[InsT]3	9	5	34974500	33573370	1.72788953526157	0.579079769279356	5.15577024868599	
T_3	RPE1_c2_MSH2_7_3	[DelT]3	13	9	34974500	33573370	1.38657801550535	0.592704878459968	3.24377048840609	
T_3	MLH_A	[DelT]3	23	20	34974500	33573370	1.10392937398321	0.606307611381598	2.00996992263709	
T_3	RPE1_c2_MSH2_9_2	[DelT]3	11	9	34974500	33573370	1.17325825371999	0.486191005966102	2.83126366598819	
T_3	EXO1_KO22_d3	[DelT]3	0	0	34974500	33573370	1	1	1	
T_3	POD478_1	[InsT]3	6	5	34974500	33573370	1.1519262580325	0.35155761240451	3.77444281427748	
T_3	POD478_2	[DelT]3	2	3	34974500	33573370	0.639958997171787	0.106933794609585	3.82991662791334	
T_4	POLE_L424V_d3	[InsT]4	6	8	13494264	12721689	0.70706079207912	0.245332599991865	2.03778447589978	
T_4	POLE_P8_1	[DelT]4	3	4	13494264	12721689	0.707060857204407	0.158248933960317	3.15916855348925	
T_4	POLE_P8_2	[InsT]4	12	18	13494264	12721689	0.628498267262239	0.302746983597422	1.30475312175827	
T_4	POLE_P8_2	[DelT]4	4	6	13494264	12721689	0.628498487505058	0.177360090893202	2.22716591318169	
T_4	POLE_P8_5	[DelT]4	3	2	13494264	12721689	1.41412193672555	0.236292340742759	8.46299480398916	
T_4	POLE_L424V_d1	[DelT]4	8	7	13494264	12721689	1.07742621326119	0.390704812038561	2.97116188297109	
T_4	DheMS6d2	[DelT]4	540	431	13494264	12721689	1.18117630831696	1.04071903383784	1.34058994403544	*
T_4	POLE_P8_1	[InsT]4	19	24	13494264	12721689	0.746341727529032	0.408837173080486	1.3624641077864	
T_4	MLH1_5	[InsT]4	7	8	13494264	12721689	0.824904318555664	0.299133326035902	2.27479546926214	
T_4	DheML6d3	[DelT]4	285	207	13494264	12721689	1.29799252785583	1.08527084622495	1.55240934392552	*
T_4	POLE_L424V_d2	[DelT]4	2	3	13494264	12721689	0.628498542565722	0.105018802070312	3.76133044959671	
T_4	POLE_L424V_d1	[InsT]4	15	20	13494264	12721689	0.707060596703084	0.362005999640523	1.38101215976134	
T_4	DheML6d3	[InsT]4	261	221	13494264	12721689	1.11338319287437	0.930750359701077	1.33185243632165	
T_4	POLE_L424V_d3	[DelT]4	8	11	13494264	12721689	0.685634647404455	0.275786590839879	1.70456028442067	
T_4	MSH3_KO5_d1	[InsT]4	1	0	13494264	12721689	1	1	1	
T_4	MSH3_KO5_d1	[DelT]4	5	1	13494264	12721689	4.71374085824201	0.550707601830035	40.3469151412181	
T_4	DheML6d1	[DelT]4	305	229	13494264	12721689	1.25563070538764	1.05787255935189	1.49035765638745	*
T_4	POD689_2	[InsT]4	8	3	13494264	12721689	2.51399528806923	0.666957551954323	9.47612376517053	
T_4	DheMS6d2	[InsT]4	351	306	13494264	12721689	1.08138940999894	0.927700667843633	1.26053919824812	
T_4	RPE1_c2_OGG1_11_2	[InsT]4	1	0	13494264	12721689	1	1	1	
T_4	POLE_P8_5	[InsT]4	7	16	13494264	12721689	0.412451899908235	0.169683537059199	1.00255200172167	
T_4	DheMS6d3	[DelT]4	610	471	13494264	12721689	1.22097860242658	1.08266736915726	1.37695915666505	*
T_4	RPE1_c2_OGG1_11_1	[InsT]4	1	1	13494264	12721689	0.942747892196854	0.0589677772148972	15.0721907831567	
T_4	RPE1_c2_MSH2_7_1	[DelT]4	37	30	13494264	12721689	1.16272285177951	0.718372678925373	1.88192628939151	
T_4	DheMS6d3	[InsT]4	412	339	13494264	12721689	1.14576295576774	0.992377121527978	1.32285672687448	
T_4	RPE1_c2_OGG1_11_2	[DelT]4	1	0	13494264	12721689	1	1	1	
T_4	POLE_L424V_d2	[InsT]4	4	11	13494264	12721689	0.342817222083518	0.109161097428044	1.0766074226629	
T_4	RPE1_c2_MSH2_9_2	[InsT]4	15	11	13494264	12721689	1.28556563075668	0.590476633052733	2.79888974173044	
T_4	POD689_2	[DelT]4	1	1	13494264	12721689	0.942747892196854	0.0589677772148972	15.0721907831567	
T_4	RPE1_c2_MSH2_7_2	[DelT]4	34	36	13494264	12721689	0.890372737088371	0.557201647824323	1.42275891330491	
T_4	MSH3_KO5_d3	[DelT]4	1	2	13494264	12721689	0.471373909045644	0.042742582894973	5.19840746814352	
T_4	RPE1_c2_OGG1_1110	[DelT]4	1	1	13494264	12721689	0.942747892196854	0.0589677772148972	15.0721907831567	
T_4	DheML6d1	[InsT]4	335	249	13494264	12721689	1.2683622658342	1.07651506705153	1.49439881208375	*
T_4	MSH3_KO5_d3	[InsT]4	0	1	13494264	12721689	1	1	1	
T_4	RPE1_c2_OGG1_1110	[InsT]4	0	1	13494264	12721689	1	1	1	
T_4	POD689_1	[DelT]4	1	0	13494264	12721689	1	1	1	
T_4	RPE1_WT_1	[DelT]4	2	0	13494264	12721689	1	1	1	
T_4	RPE1_WT_U1	[InsT]4	3	0	13494264	12721689	1	1	1	
T_4	POD689_1	[InsT]4	7	2	13494264	12721689	3.29961883044024	0.685463205655094	15.883397294521	
T_4	RPE1_c2_MSH2_7_1	[InsT]4	17	11	13494264	12721689	1.45697459746432	0.682459408528578	3.11047800224945	
T_4	E_MSHd1	[DelT]4	217	305	13494264	12721689	0.670736651138236	0.563582127522177	0.79826458862011	*
T_4	MLH_A	[InsT]4	10	8	13494264	12721689	1.1784350027797	0.465098729427418	2.98583713072283	
T_4	RPE1_WT_2	[DelT]4	1	0	13494264	12721689	1	1	1	
T_4	RPE1_c2_MSH2_9_3	[DelT]4	38	35	13494264	12721689	1.02355492532245	0.646682630859581	1.62006003433133	
T_4	MLH1_2	[DelT]4	33	44	13494264	12721689	0.707060205950232	0.450234518996988	1.11038606269487	
T_4	RPE1_c2_MSH2_7_2	[InsT]4	12	14	13494264	12721689	0.80806945484217	0.373755531711278	1.74706777143659	
T_4	RPE1_c2_MSH2_9_3	[InsT]4	21	6	13494264	12721689	3.29962121624755	1.3317852425192	8.1751169956773	*
T_4	MLH1_2	[InsT]4	12	6	13494264	12721689	1.88549658032175	0.707660324876992	5.02373416938839	
T_4	MSH3_KO5_d4	[DelT]4	0	0	13494264	12721689	1	1	1	
T_4	SETD2_KO19_d3	[DelT]4	0	2	13494264	12721689	1	1	1	
T_4	MLH1_5	[DelT]4	37	36	13494264	12721689	0.96893525283071	0.612385038498472	1.53308043984888	
T_4	MSH3_KO5_d4	[InsT]4	0	0	13494264	12721689	1	1	1	
T_4	RPE1_WT_1	[InsT]4	0	0	13494264	12721689	1	1	1	
T_4	RPE1_WT_U2	[DelT]4	4	2	13494264	12721689	1.88549605535983	0.345353127209678	10.2940876878727	
T_4	POD478_1	[DelT]4	4	0	13494264	12721689	1	1	1	
T_4	SETD2_KO19_d4	[DelT]4	1	0	13494264	12721689	1	1	1	
T_4	E_MSHd1	[InsT]4	140	206	13494264	12721689	0.640698726219829	0.51691553910081	0.794123656049844	*
T_4	POD478_1	[InsT]4	33	16	13494264	12721689	1.94441984596973	1.07024519163707	3.53261903622088	*
T_4	RPE1_WT_2	[InsT]4	0	1	13494264	12721689	1	1	1	
T_4	E_MSHd2	[DelT]4	250	329	13494264	12721689	0.716368526821685	0.607740771124535	0.844412438005598	*
T_4	POD478_2	[DelT]4	2	2	13494264	12721689	0.942747887954154	0.132798741672291	6.6926355555029	
T_4	RPE1_c2_MSH2_7_3	[DelT]4	36	28	13494264	12721689	1.2121050041332	0.739702962067865	1.98620069999117	
T_4	RPE1_c2_OGG1_11_1	[DelT]4	3	1	13494264	12721689	2.82824409576782	0.294194095844195	27.1894126300951	
T_4	POD478_2	[InsT]4	35	24	13494264	12721689	1.37484165453247	0.817829923921082	2.31122574480409	
T_4	RPE1_c2_MSH2_7_3	[InsT]4	14	6	13494264	12721689	2.19974633640254	0.84533460110541	5.72422321077215	
T_4	SETD2_KO19_d3	[InsT]4	1	0	13494264	12721689	1	1	1	
T_4	EXO1_KO22_d3	[InsT]4	0	0	13494264	12721689	1	1	1	
T_4	RPE1_c2_MSH2_9_2	[DelT]4	33	27	13494264	12721689	1.15224780130116	0.692881772739899	1.91616383608024	
T_4	EXO1_KO22_d1	[InsT]4	1	0	13494264	12721689	1	1	1	
T_4	RPE1_WT_U2	[InsT]4	2	2	13494264	12721689	0.942747887954154	0.132798741672291	6.6926355555029	
T_4	EXO1_KO22_d2	[DelT]4	2	0	13494264	12721689	1	1	1	
T_4	SETD2_KO19_d4	[InsT]4	1	0	13494264	12721689	1	1	1	
T_4	SETD2_KO15_d3	[DelT]4	1	0	13494264	12721689	1	1	1	
T_4	EXO1_KO22_d2	[InsT]4	0	0	13494264	12721689	1	1	1	
T_4	RPE1_WT_U1	[DelT]4	3	1	13494264	12721689	2.82824409576782	0.294194095844195	27.1894126300951	
T_4	E_MSHd2	[InsT]4	165	192	13494264	12721689	0.810171652392279	0.65798638790814	0.99755575252367	*
T_4	EXO1_KO22_d3	[DelT]4	0	3	13494264	12721689	1	1	1	
T_4	EXO1_KO22_d1	[DelT]4	0	0	13494264	12721689	1	1	1	
T_4	SETD2_KO15_d3	[InsT]4	0	0	13494264	12721689	1	1	1	
T_4	MLH_A	[DelT]4	35	31	13494264	12721689	1.06439295331838	0.656393812666232	1.72599487870234	
T_5	DheMS6d3	[InsT]5	627	494	5175406	4860060	1.19191770166565	1.05934014141102	1.34108748645326	*
T_5	RPE1_c2_MSH2_7_1	[InsT]5	37	32	5175406	4860060	1.08579839910932	0.676492574287054	1.74275107860696	
T_5	DheMS6d2	[DelT]5	496	347	5175406	4860060	1.34233224409973	1.17026929657979	1.53969334991176	*
T_5	POLE_L424V_d3	[DelT]5	12	11	5175406	4860060	1.02443826235522	0.452036818737054	2.32165547113952	
T_5	E_MSHd1	[DelT]5	187	238	5175406	4860060	0.737829949114921	0.60922090397275	0.893588894046349	*
T_5	POLE_L424V_d3	[InsT]5	20	40	5175406	4860060	0.469532127651928	0.274507080553262	0.803113779262137	*
T_5	POLE_P8_5	[InsT]5	33	27	5175406	4860060	1.1477511540392	0.690177159610408	1.90868778147039	
T_5	DheMS6d3	[DelT]5	547	420	5175406	4860060	1.22304831328324	1.07700337146687	1.38889739461785	*
T_5	DheMS6d2	[InsT]5	557	457	5175406	4860060	1.14456933130196	1.01138321793302	1.29529433643793	*
T_5	RPE1_c2_MSH2_7_1	[DelT]5	56	63	5175406	4860060	0.834725638523643	0.582388904483349	1.19639451618128	
T_5	POLE_L424V_d1	[InsT]5	37	53	5175406	4860060	0.655573559193885	0.430791195600915	0.997645021306988	*
T_5	POLE_P8_1	[InsT]5	32	56	5175406	4860060	0.536607623498735	0.347559121373672	0.828485641403663	*
T_5	POD689_1	[InsT]5	5	4	5175406	4860060	1.17383561196514	0.315212676021703	4.37130277026901	
T_5	MSH3_KO5_d1	[DelT]5	1	1	5175406	4860060	0.939068343443653	0.0587376157234006	15.0133665249658	
T_5	POLE_P8_2	[DelT]5	3	6	5175406	4860060	0.469533870116008	0.117429254109676	1.87740318081395	
T_5	RPE1_c2_MSH2_7_2	[DelT]5	81	63	5175406	4860060	1.20737684520848	0.868667179320478	1.6781557782417	
T_5	E_MSHd1	[InsT]5	413	507	5175406	4860060	0.764942249580289	0.671744684034813	0.871070004869036	*
T_5	POLE_P8_2	[InsT]5	24	63	5175406	4860060	0.357737347421201	0.223553871477333	0.57246161247059	*
T_5	RPE1_c2_MSH2_7_2	[InsT]5	38	24	5175406	4860060	1.48686180383694	0.891933309420284	2.4786135918011	
T_5	DheML6d1	[DelT]5	256	197	5175406	4860060	1.22032307555665	1.01344455736491	1.46943253867594	*
T_5	POLE_P8_5	[DelT]5	3	1	5175406	4860060	2.81720611902107	0.293045863688785	27.0833043577045	
T_5	POLE_P8_1	[DelT]5	7	5	5175406	4860060	1.31469612294627	0.417265524121344	4.14226864136351	
T_5	POD689_1	[DelT]5	0	0	5175406	4860060	1	1	1	
T_5	SETD2_KO19_d3	[DelT]5	1	0	5175406	4860060	1	1	1	
T_5	RPE1_c2_MSH2_7_3	[InsT]5	43	28	5175406	4860060	1.44214436193723	0.89599234209156	2.32120327704187	
T_5	DheML6d3	[DelT]5	306	244	5175406	4860060	1.17769459115544	0.995346575611209	1.39344885894151	
T_5	POLE_L424V_d2	[DelT]5	4	3	5175406	4860060	1.2520913351272	0.280233383556096	5.59438240942768	
T_5	RPE1_c2_MSH2_9_2	[InsT]5	35	40	5175406	4860060	0.821683604904847	0.52202224914673	1.29336239532513	
T_5	POD689_2	[DelT]5	1	0	5175406	4860060	1	1	1	
T_5	MSH3_KO5_d1	[InsT]5	0	0	5175406	4860060	1	1	1	
T_5	RPE1_c2_MSH2_9_3	[DelT]5	70	62	5175406	4860060	1.06023928033446	0.753277272685476	1.49228892510806	
T_5	POD689_2	[InsT]5	7	1	5175406	4860060	6.57348602494223	0.808765950455642	53.4279645375362	
T_5	E_MSHd2	[DelT]5	190	253	5175406	4860060	0.705218377518936	0.58426209842125	0.851215509844464	*
T_5	RPE1_c2_MSH2_9_3	[InsT]5	51	34	5175406	4860060	1.4086065593568	0.912703571842826	2.17395055774438	
T_5	RPE1_c2_MSH2_7_3	[DelT]5	58	56	5175406	4860060	0.972606203762254	0.673700590793641	1.4041294315661	
T_5	DheML6d1	[InsT]5	507	418	5175406	4860060	1.13902715089026	1.00068163615651	1.29649910979505	*
T_5	RPE1_c2_OGG1_11_1	[DelT]5	1	1	5175406	4860060	0.939068343443653	0.0587376157234006	15.0133665249658	
T_5	MLH1_5	[InsT]5	20	18	5175406	4860060	1.04340945132724	0.551956303384064	1.97244469615462	
T_5	RPE1_c2_OGG1_11_1	[InsT]5	1	1	5175406	4860060	0.939068343443653	0.0587376157234006	15.0133665249658	
T_5	SETD2_KO19_d3	[InsT]5	1	0	5175406	4860060	1	1	1	
T_5	RPE1_c2_MSH2_9_2	[DelT]5	73	59	5175406	4860060	1.16190041805449	0.824427121803776	1.63751597414879	
T_5	DheML6d3	[InsT]5	471	355	5175406	4860060	1.24594124248169	1.08559558199901	1.42997042863632	*
T_5	POLE_L424V_d2	[InsT]5	21	29	5175406	4860060	0.680013717453571	0.387809808755363	1.19238514726874	
T_5	EXO1_KO22_d2	[DelT]5	1	1	5175406	4860060	0.939068343443653	0.0587376157234006	15.0133665249658	
T_5	RPE1_c2_OGG1_11_2	[InsT]5	2	1	5175406	4860060	1.87813704978394	0.170303046433701	20.7124819645804	
T_5	MSH3_KO5_d3	[DelT]5	6	2	5175406	4860060	2.81720717239247	0.568611223475603	13.9579662245624	
T_5	EXO1_KO22_d2	[InsT]5	2	1	5175406	4860060	1.87813704978394	0.170303046433701	20.7124819645804	
T_5	POLE_L424V_d1	[DelT]5	10	7	5175406	4860060	1.34152688164207	0.510648822415631	3.52432884434126	
T_5	E_MSHd2	[InsT]5	409	455	5175406	4860060	0.844117257406193	0.738586045296603	0.964727060291008	*
T_5	EXO1_KO22_d3	[DelT]5	2	0	5175406	4860060	1	1	1	
T_5	RPE1_c2_OGG1_1110	[InsT]5	3	1	5175406	4860060	2.81720611902107	0.293045863688785	27.0833043577045	
T_5	EXO1_KO22_d1	[DelT]5	0	2	5175406	4860060	1	1	1	
T_5	RPE1_WT_1	[DelT]5	0	1	5175406	4860060	1	1	1	
T_5	RPE1_WT_U2	[DelT]5	2	3	5175406	4860060	0.626045425632472	0.104608871472418	3.74665044597757	
T_5	RPE1_c2_OGG1_11_2	[DelT]5	0	0	5175406	4860060	1	1	1	
T_5	SETD2_KO19_d4	[DelT]5	0	0	5175406	4860060	1	1	1	
T_5	RPE1_WT_U2	[InsT]5	1	1	5175406	4860060	0.939068343443653	0.0587376157234006	15.0133665249658	
T_5	POD478_1	[DelT]5	1	2	5175406	4860060	0.46953407511103	0.0425757446215318	5.17811842517667	
T_5	SETD2_KO19_d4	[InsT]5	0	1	5175406	4860060	1	1	1	
T_5	SETD2_KO15_d3	[DelT]5	0	0	5175406	4860060	1	1	1	
T_5	RPE1_c2_OGG1_1110	[DelT]5	0	0	5175406	4860060	1	1	1	
T_5	MSH3_KO5_d3	[InsT]5	3	2	5175406	4860060	1.40860276967803	0.235370054720992	8.42996686684147	
T_5	SETD2_KO15_d3	[InsT]5	1	2	5175406	4860060	0.46953407511103	0.0425757446215318	5.17811842517667	
T_5	POD478_2	[DelT]5	5	3	5175406	4860060	1.56511447132309	0.374038373297392	6.54901604546691	
T_5	MSH3_KO5_d4	[DelT]5	0	2	5175406	4860060	1	1	1	
T_5	EXO1_KO22_d3	[InsT]5	0	1	5175406	4860060	1	1	1	
T_5	RPE1_WT_U1	[InsT]5	0	2	5175406	4860060	1	1	1	
T_5	EXO1_KO22_d1	[InsT]5	0	0	5175406	4860060	1	1	1	
T_5	RPE1_WT_1	[InsT]5	0	2	5175406	4860060	1	1	1	
T_5	MLH_A	[InsT]5	20	13	5175406	4860060	1.4447222650862	0.718675054247577	2.90426446681251	
T_5	RPE1_WT_2	[InsT]5	1	1	5175406	4860060	0.939068343443653	0.0587376157234006	15.0133665249658	
T_5	RPE1_WT_2	[DelT]5	1	2	5175406	4860060	0.46953407511103	0.0425757446215318	5.17811842517667	
T_5	MLH1_2	[DelT]5	90	84	5175406	4860060	1.00614477316113	0.747349439775195	1.35455685209848	
T_5	POD478_1	[InsT]5	49	31	5175406	4860060	1.48433843744125	0.946648822272523	2.32743182585533	
T_5	POD478_2	[InsT]5	56	41	5175406	4860060	1.28263300679323	0.857322419486846	1.9189366715735	
T_5	MLH1_2	[InsT]5	29	19	5175406	4860060	1.4333172860237	0.803726804580911	2.55609049082987	
T_5	MSH3_KO5_d4	[InsT]5	0	1	5175406	4860060	1	1	1	
T_5	RPE1_WT_U1	[DelT]5	2	1	5175406	4860060	1.87813704978394	0.170303046433701	20.7124819645804	
T_5	MLH1_5	[DelT]5	82	44	5175406	4860060	1.7500938193347	1.21336605240441	2.52424103213059	*
T_5	MLH_A	[DelT]5	93	73	5175406	4860060	1.19635088499405	0.880553621895252	1.62540406902819	
T_6	RPE1_c2_MSH2_9_2	[InsT]6	104	98	1574874	1505746	1.01464374518961	0.769974101301988	1.33706046464623	
T_6	POLE_L424V_d3	[InsT]6	33	44	1574874	1505746	0.71707334264221	0.456608353484612	1.12611645144902	
T_6	POLE_P8_1	[InsT]6	54	74	1574874	1505746	0.697688384464016	0.491263673408286	0.990850958791447	*
T_6	POLE_P8_1	[DelT]6	5	5	1574874	1505746	0.956105555446199	0.276794746196321	3.30258375824343	
T_6	EXO1_KO22_d2	[DelT]6	0	2	1574874	1505746	1	1	1	
T_6	DheMS6d2	[DelT]6	305	292	1574874	1505746	0.998671787000952	0.850598832153657	1.17252140545087	
T_6	RPE1_c2_MSH2_9_3	[DelT]6	104	99	1574874	1505746	1.00439415138578	0.762743832243626	1.3226034334103	
T_6	RPE1_c2_MSH2_7_1	[InsT]6	126	80	1574874	1505746	1.50590694511122	1.13791450311338	1.99290519729691	*
T_6	E_MSHd2	[InsT]6	643	818	1574874	1505746	0.751458379230634	0.67769264730945	0.833253389951687	*
T_6	RPE1_c2_MSH2_9_3	[InsT]6	132	109	1574874	1505746	1.15786599975328	0.898441433540911	1.49219929461727	
T_6	POLE_P8_5	[InsT]6	41	55	1574874	1505746	0.712725857281375	0.475654308490792	1.06795657806452	
T_6	POLE_L424V_d3	[DelT]6	11	13	1574874	1505746	0.809011176991757	0.362442129635227	1.80580299855399	
T_6	RPE1_c2_OGG1_11_1	[DelT]6	1	1	1574874	1505746	0.956105666933143	0.0598032428829819	15.2857604750696	
T_6	RPE1_c2_MSH2_7_1	[DelT]6	82	78	1574874	1505746	1.00513702354961	0.737212881342222	1.37043242417408	
T_6	EXO1_KO22_d1	[InsT]6	4	3	1574874	1505746	1.27480829105471	0.285317387135876	5.69588904221915	
T_6	RPE1_c2_OGG1_11_1	[InsT]6	1	1	1574874	1505746	0.956105666933143	0.0598032428829819	15.2857604750696	
T_6	MLH_A	[InsT]6	53	53	1574874	1505746	0.956104217558694	0.653356750629839	1.39913649618266	
T_6	E_MSHd1	[DelT]6	145	177	1574874	1505746	0.783230469790851	0.628841858090668	0.975523433938375	*
T_6	POLE_P8_2	[DelT]6	4	3	1574874	1505746	1.27480829105471	0.285317387135876	5.69588904221915	
T_6	RPE1_c2_MSH2_7_2	[DelT]6	72	84	1574874	1505746	0.819510915385825	0.598197937431415	1.12270220007824	
T_6	EXO1_KO22_d2	[InsT]6	5	1	1574874	1505746	4.78054047669997	0.558511246290043	40.9187234834991	
T_6	DheMS6d2	[InsT]6	875	622	1574874	1505746	1.34519578266584	1.21376023681285	1.49086420762439	*
T_6	RPE1_c2_MSH2_7_2	[InsT]6	92	81	1574874	1505746	1.08595223001746	0.805588666455325	1.46388882439087	
T_6	DheML6d1	[DelT]6	199	176	1574874	1505746	1.08106156826012	0.882607365006217	1.32413818500233	
T_6	EXO1_KO22_d1	[DelT]6	1	0	1574874	1505746	1	1	1	
T_6	RPE1_c2_MSH2_7_3	[DelT]6	83	101	1574874	1505746	0.785699326274263	0.587685473197717	1.05043166704266	
T_6	DheML6d1	[InsT]6	859	605	1574874	1505746	1.3577071605821	1.22353814628763	1.50658869074816	*
T_6	DheMS6d3	[InsT]6	1029	754	1574874	1505746	1.30501727792247	1.18795392835506	1.43361628344828	*
T_6	POD689_1	[DelT]6	1	0	1574874	1505746	1	1	1	
T_6	SETD2_KO19_d3	[InsT]6	2	0	1574874	1505746	1	1	1	
T_6	MSH3_KO5_d1	[DelT]6	3	2	1574874	1505746	1.43415936924358	0.239640195451432	8.58292196146195	
T_6	RPE1_c2_OGG1_11_2	[DelT]6	1	2	1574874	1505746	0.478052515980654	0.0433481364949644	5.27206534153968	
T_6	MLH1_2	[DelT]6	102	97	1574874	1505746	1.00538984259047	0.761399046873801	1.32756763977355	
T_6	E_MSHd1	[InsT]6	628	804	1574874	1505746	0.746707922522277	0.672681205294922	0.828881076457429	*
T_6	POLE_P8_2	[InsT]6	56	87	1574874	1505746	0.615410679895679	0.439877586152053	0.860990231947726	*
T_6	MLH1_2	[InsT]6	54	36	1574874	1505746	1.43417342934431	0.940696853327716	2.18652100106542	
T_6	EXO1_KO22_d3	[DelT]6	0	0	1574874	1505746	1	1	1	
T_6	DheMS6d3	[DelT]6	395	324	1574874	1505746	1.16566423434335	1.00638775058205	1.35014869412056	*
T_6	MLH1_5	[DelT]6	84	92	1574874	1505746	0.872959293123141	0.649432616648578	1.173421087753	
T_6	EXO1_KO22_d3	[InsT]6	4	1	1574874	1505746	3.8244299529485	0.427458502340745	34.2168055727441	
T_6	POLE_L424V_d1	[InsT]6	67	84	1574874	1505746	0.762598013900237	0.553179750240253	1.05129613033017	
T_6	RPE1_c2_MSH2_7_3	[InsT]6	117	90	1574874	1505746	1.24295545280954	0.944293175412671	1.63607902492128	
T_6	DheML6d3	[DelT]6	222	196	1574874	1505746	1.08294773469092	0.893661505469042	1.31232663474373	
T_6	POLE_L424V_d2	[DelT]6	6	7	1574874	1505746	0.819518479371877	0.275418390487037	2.43851014031543	
T_6	POD689_1	[InsT]6	9	6	1574874	1505746	1.43416102332581	0.510474746621379	4.02922545030906	
T_6	SETD2_KO19_d4	[DelT]6	0	0	1574874	1505746	1	1	1	
T_6	MSH3_KO5_d1	[InsT]6	0	0	1574874	1505746	1	1	1	
T_6	RPE1_c2_OGG1_11_2	[InsT]6	3	5	1574874	1505746	0.573662604746675	0.137096405572576	2.40041876160295	
T_6	SETD2_KO19_d4	[InsT]6	3	3	1574874	1505746	0.956105611189742	0.192975440126307	4.73706881637469	
T_6	E_MSHd2	[DelT]6	164	194	1574874	1505746	0.808234329122423	0.65650750429969	0.995027058325557	*
T_6	POLE_P8_5	[DelT]6	2	0	1574874	1505746	1	1	1	
T_6	POLE_L424V_d1	[DelT]6	13	4	1574874	1505746	3.10736090359721	1.01320570837865	9.52984345168727	*
T_6	MSH3_KO5_d3	[InsT]6	2	0	1574874	1505746	1	1	1	
T_6	SETD2_KO19_d3	[DelT]6	0	0	1574874	1505746	1	1	1	
T_6	MLH1_5	[InsT]6	45	52	1574874	1505746	0.82739422697761	0.555143259140403	1.2331613427062	
T_6	MLH_A	[DelT]6	112	102	1574874	1505746	1.0498450920601	0.80282342863973	1.37287313499328	
T_6	RPE1_WT_1	[DelT]6	0	1	1574874	1505746	1	1	1	
T_6	RPE1_c2_MSH2_9_2	[DelT]6	90	91	1574874	1505746	0.945595929765187	0.706579964634919	1.26546421798202	
T_6	DheML6d3	[InsT]6	875	545	1574874	1505746	1.53532950789152	1.37956663617848	1.70867911413991	*
T_6	POLE_L424V_d2	[InsT]6	36	42	1574874	1505746	0.819515041274994	0.525076360072689	1.27906139743747	
T_6	POD689_2	[DelT]6	0	0	1574874	1505746	1	1	1	
T_6	RPE1_WT_2	[DelT]6	3	3	1574874	1505746	0.956105611189742	0.192975440126307	4.73706881637469	
T_6	MSH3_KO5_d3	[DelT]6	4	3	1574874	1505746	1.27480829105471	0.285317387135876	5.69588904221915	
T_6	RPE1_c2_OGG1_1110	[DelT]6	2	0	1574874	1505746	1	1	1	
T_6	RPE1_WT_2	[InsT]6	2	2	1574874	1505746	0.956105639061461	0.134680209580284	6.78747082361938	
T_6	POD478_2	[InsT]6	74	48	1574874	1505746	1.47401855262044	1.02505605604925	2.11962134231306	*
T_6	RPE1_c2_OGG1_1110	[InsT]6	2	4	1574874	1505746	0.478052184558491	0.0875613620450559	2.60998556696218	
T_6	RPE1_WT_U1	[DelT]6	2	0	1574874	1505746	1	1	1	
T_6	MSH3_KO5_d4	[DelT]6	3	1	1574874	1505746	2.86832064340508	0.29836257009995	27.5747165960785	
T_6	RPE1_WT_U2	[InsT]6	6	3	1574874	1505746	1.91221486499186	0.478239589228626	7.64588664814152	
T_6	RPE1_WT_U2	[DelT]6	3	1	1574874	1505746	2.86832064340508	0.29836257009995	27.5747165960785	
T_6	RPE1_WT_1	[InsT]6	1	1	1574874	1505746	0.956105666933143	0.0598032428829819	15.2857604750696	
T_6	POD689_2	[InsT]6	4	1	1574874	1505746	3.8244299529485	0.427458502340745	34.2168055727441	
T_6	POD478_1	[InsT]6	78	54	1574874	1505746	1.38106043223658	0.976163955990965	1.95390119229843	
T_6	POD478_1	[DelT]6	1	3	1574874	1505746	0.318701465663157	0.0331513105442045	3.06384943908653	
T_6	SETD2_KO15_d3	[InsT]6	8	3	1574874	1505746	2.54962305787709	0.676408400333831	9.61043318511461	
T_6	POD478_2	[DelT]6	3	1	1574874	1505746	2.86832064340508	0.29836257009995	27.5747165960785	
T_6	SETD2_KO15_d3	[DelT]6	0	2	1574874	1505746	1	1	1	
T_6	RPE1_WT_U1	[InsT]6	7	4	1574874	1505746	1.67318795809424	0.48980706619442	5.71563404518206	
T_6	MSH3_KO5_d4	[InsT]6	4	1	1574874	1505746	3.8244299529485	0.427458502340745	34.2168055727441	
T_7	POLE_L424V_d1	[DelT]7	14	9	658967	623390	1.47158261329378	0.636954701898463	3.39985776271696	
T_7	RPE1_c2_OGG1_11_1	[DelT]7	2	0	658967	623390	1	1	1	
T_7	RPE1_c2_MSH2_9_2	[InsT]7	104	115	658967	623390	0.855500143890836	0.65618627010198	1.11535478498125	
T_7	RPE1_c2_MSH2_9_3	[InsT]7	143	115	658967	623390	1.17638233131076	0.920282502172015	1.5037506267412	
T_7	RPE1_c2_MSH2_9_3	[DelT]7	185	208	658967	623390	0.8413594359334	0.690154146016193	1.02569216532325	
T_7	RPE1_c2_OGG1_11_1	[InsT]7	4	3	658967	623390	1.26134952442955	0.282304493542654	5.63576797100558	
T_7	EXO1_KO22_d2	[InsT]7	6	6	658967	623390	0.94601046192415	0.305107018489479	2.93318652091514	
T_7	E_MSHd2	[InsT]7	476	555	658967	623390	0.811217172607078	0.717695681380609	0.916925262622044	*
T_7	DheMS6d2	[DelT]7	364	324	658967	623390	1.06283713920991	0.915031064831086	1.23451850751365	
T_7	MLH_A	[InsT]7	60	56	658967	623390	1.01358440135384	0.704197617201643	1.45889919757234	
T_7	EXO1_KO22_d1	[DelT]7	0	1	658967	623390	1	1	1	
T_7	DheMS6d2	[InsT]7	530	448	658967	623390	1.1192606641616	0.986918572766189	1.26934933530353	
T_7	EXO1_KO22_d3	[InsT]7	2	5	658967	623390	0.378402494821425	0.073415218783378	1.95039190048015	
T_7	EXO1_KO22_d1	[InsT]7	5	4	658967	623390	1.18251507674191	0.31754212888846	4.4036421611732	
T_7	POLE_L424V_d1	[InsT]7	55	76	658967	623390	0.68458686440678	0.483874377906331	0.96855546876886	*
T_7	MLH_A	[DelT]7	189	207	658967	623390	0.863710041794115	0.709115979595045	1.0520070873625	
T_7	EXO1_KO22_d2	[DelT]7	1	1	658967	623390	0.946010871577593	0.0591717510194432	15.1243888126435	
T_7	RPE1_c2_OGG1_11_2	[DelT]7	1	0	658967	623390	1	1	1	
T_7	POD689_1	[InsT]7	3	2	658967	623390	1.41901833787582	0.237109747908625	8.49232501400082	
T_7	RPE1_c2_MSH2_7_1	[InsT]7	102	88	658967	623390	1.09652763740399	0.824457930461712	1.45837988230331	
T_7	RPE1_c2_OGG1_11_2	[InsT]7	1	3	658967	623390	0.315335945506546	0.0328011785687627	3.03149956395784	
T_7	MLH1_2	[DelT]7	222	178	658967	623390	1.17991697013925	0.968720269138241	1.43715797096006	
T_7	EXO1_KO22_d3	[DelT]7	0	2	658967	623390	1	1	1	
T_7	RPE1_c2_OGG1_1110	[DelT]7	0	0	658967	623390	1	1	1	
T_7	MLH1_2	[InsT]7	70	68	658967	623390	0.973832025339317	0.697497817345082	1.35964413076763	
T_7	POLE_L424V_d3	[InsT]7	35	34	658967	623390	0.973833415284126	0.607452578989492	1.56119432779682	
T_7	POLE_P8_5	[InsT]7	29	41	658967	623390	0.669115137150843	0.415874109313137	1.07656393302253	
T_7	DheMS6d3	[DelT]7	495	427	658967	623390	1.09673641777089	0.96352584807236	1.24836378024661	
T_7	POD689_1	[DelT]7	0	0	658967	623390	1	1	1	
T_7	RPE1_c2_MSH2_7_1	[DelT]7	161	150	658967	623390	1.01538884992952	0.812878838370726	1.26834955948377	
T_7	POLE_L424V_d2	[DelT]7	6	5	658967	623390	1.13521437535757	0.346455577379673	3.71970250202151	
T_7	RPE1_WT_U2	[DelT]7	1	1	658967	623390	0.946010871577593	0.0591717510194432	15.1243888126435	
T_7	RPE1_WT_1	[InsT]7	1	1	658967	623390	0.946010871577593	0.0591717510194432	15.1243888126435	
T_7	POLE_L424V_d2	[InsT]7	33	42	658967	623390	0.743281464564628	0.47112938457034	1.17264461453445	
T_7	POD689_2	[DelT]7	0	0	658967	623390	1	1	1	
T_7	RPE1_c2_MSH2_7_2	[DelT]7	197	188	658967	623390	0.991296109868197	0.811716094076933	1.2106055117181	
T_7	POD689_2	[InsT]7	4	1	658967	623390	3.78406071357572	0.422945736030948	33.8556799706794	
T_7	SETD2_KO15_d3	[DelT]7	3	1	658967	623390	2.83804122835238	0.295212450224161	27.2836664162097	
T_7	RPE1_c2_MSH2_7_2	[InsT]7	101	84	658967	623390	1.13748662384273	0.85161307231819	1.51932357719574	
T_7	RPE1_c2_OGG1_1110	[InsT]7	5	3	658967	623390	1.57668929821952	0.376803202862326	6.59747349342005	
T_7	MLH1_5	[DelT]7	190	189	658967	623390	0.95100217492165	0.777538133743773	1.16316499147261	
T_7	POLE_P8_1	[DelT]7	2	4	658967	623390	0.473003877292421	0.0866365214260971	2.58242902936162	
T_7	RPE1_WT_1	[DelT]7	0	1	658967	623390	1	1	1	
T_7	DheMS6d3	[InsT]7	706	570	658967	623390	1.17191002758278	1.04939622208799	1.30872694587795	*
T_7	POLE_P8_1	[InsT]7	52	46	658967	623390	1.06940916374712	0.719192980907221	1.59016562990324	
T_7	SETD2_KO19_d3	[InsT]7	3	1	658967	623390	2.83804122835238	0.295212450224161	27.2836664162097	
T_7	E_MSHd1	[DelT]7	175	173	658967	623390	0.95693605995405	0.775551485854655	1.18074252908078	
T_7	RPE1_WT_U2	[InsT]7	5	6	658967	623390	0.788340855264289	0.240593399899844	2.58311867381876	
T_7	RPE1_WT_2	[DelT]7	1	0	658967	623390	1	1	1	
T_7	POLE_L424V_d3	[DelT]7	12	15	658967	623390	0.756804334135108	0.354251126543695	1.61679881092781	
T_7	POLE_P8_2	[InsT]7	37	54	658967	623390	0.648172935808952	0.426605373204404	0.984816838005214	*
T_7	RPE1_WT_2	[InsT]7	2	3	658967	623390	0.630672848077414	0.105381781213805	3.77435489057734	
T_7	DheML6d1	[DelT]7	251	225	658967	623390	1.05534885713688	0.88152653108862	1.26344604612718	
T_7	SETD2_KO15_d3	[InsT]7	3	1	658967	623390	2.83804122835238	0.295212450224161	27.2836664162097	
T_7	RPE1_c2_MSH2_7_3	[DelT]7	153	148	658967	623390	0.977965667051661	0.780142000409514	1.2259522566786	
T_7	DheML6d1	[InsT]7	566	427	658967	623390	1.25418131836379	1.1060589335988	1.42214011527825	*
T_7	MLH1_5	[InsT]7	60	53	658967	623390	1.07096225765076	0.740133975359518	1.5496655950097	
T_7	RPE1_c2_MSH2_7_3	[InsT]7	138	99	658967	623390	1.31874868712197	1.01868670865229	1.70719622138461	*
T_7	DheML6d3	[DelT]7	264	247	658967	623390	1.01112547630022	0.850038217300516	1.20273972159761	
T_7	MSH3_KO5_d1	[DelT]7	1	1	658967	623390	0.946010871577593	0.0591717510194432	15.1243888126435	
T_7	POLE_P8_2	[DelT]7	7	2	658967	623390	3.31106288697341	0.687838099263296	15.9385434642755	
T_7	SETD2_KO19_d4	[DelT]7	1	0	658967	623390	1	1	1	
T_7	E_MSHd1	[InsT]7	445	538	658967	623390	0.782334189431692	0.689967588622357	0.887065992731345	*
T_7	POD478_1	[DelT]7	2	0	658967	623390	1	1	1	
T_7	SETD2_KO19_d4	[InsT]7	2	0	658967	623390	1	1	1	
T_7	E_MSHd2	[DelT]7	198	219	658967	623390	0.855254082557511	0.705681369258019	1.03652948426338	
T_7	POLE_P8_5	[DelT]7	4	2	658967	623390	1.89202732171609	0.346548249318852	10.3297806096446	
T_7	RPE1_WT_U1	[DelT]7	3	1	658967	623390	2.83804122835238	0.295212450224161	27.2836664162097	
T_7	MSH3_KO5_d3	[InsT]7	6	1	658967	623390	5.67610829775966	0.683355502383682	47.1470637106344	
T_7	SETD2_KO19_d3	[DelT]7	0	0	658967	623390	1	1	1	
T_7	RPE1_WT_U1	[InsT]7	3	6	658967	623390	0.473003077558106	0.11829644788985	1.89128173643697	
T_7	MSH3_KO5_d4	[DelT]7	1	3	658967	623390	0.315335945506546	0.0328011785687627	3.03149956395784	
T_7	POD478_2	[InsT]7	45	27	658967	623390	1.57672430626589	0.978453970017675	2.54080377222522	
T_7	RPE1_c2_MSH2_9_2	[DelT]7	158	168	658967	623390	0.889674325003077	0.715957576449395	1.10554092952689	
T_7	DheML6d3	[InsT]7	481	416	658967	623390	1.09389370085317	0.959320787922488	1.24734441683226	
T_7	MSH3_KO5_d1	[InsT]7	1	0	658967	623390	1	1	1	
T_7	MSH3_KO5_d3	[DelT]7	7	7	658967	623390	0.946010379992716	0.331823433635365	2.69702362262152	
T_7	POD478_1	[InsT]7	34	20	658967	623390	1.60825000417341	0.925719600182469	2.79400811586356	
T_7	POD478_2	[DelT]7	2	4	658967	623390	0.473003877292421	0.0866365214260971	2.58242902936162	
T_7	MSH3_KO5_d4	[InsT]7	1	1	658967	623390	0.946010871577593	0.0591717510194432	15.1243888126435	
T_8	RPE1_c2_OGG1_1110	[DelT]8	0	2	244666	224138	1	1	1	
T_8	E_MSHd2	[InsT]8	517	470	244666	224138	1.00772397183687	0.889272336230523	1.14195343995434	
T_8	EXO1_KO22_d1	[DelT]8	2	0	244666	224138	1	1	1	
T_8	POLE_P8_1	[DelT]8	0	1	244666	224138	1	1	1	
T_8	EXO1_KO22_d1	[InsT]8	4	4	244666	224138	0.916096492303668	0.229110868389223	3.66299856969404	
T_8	MLH_A	[InsT]8	93	94	244666	224138	0.906316532043559	0.680395127360025	1.20725387826127	
T_8	RPE1_c2_MSH2_9_2	[InsT]8	155	160	244666	224138	0.887398470825444	0.71146697085028	1.1068342991133	
T_8	MLH1_2	[DelT]8	275	269	244666	224138	0.936459855701706	0.791502571191127	1.10796489267386	
T_8	RPE1_c2_MSH2_9_3	[DelT]8	286	262	244666	224138	1.0000152434358	0.845612001581336	1.18261151122956	
T_8	POLE_L424V_d3	[DelT]8	12	5	244666	224138	2.19869366533962	0.774588900013884	6.24105746147141	
T_8	MLH1_2	[InsT]8	112	86	244666	224138	1.19314609927783	0.900797058841198	1.58037551327404	
T_8	POLE_L424V_d3	[InsT]8	33	27	244666	224138	1.11969131083887	0.67328321109486	1.86208212370147	
T_8	RPE1_c2_OGG1_1110	[InsT]8	3	2	244666	224138	1.37415138374008	0.229611401910755	8.22386000747789	
T_8	MLH1_5	[DelT]8	251	223	244666	224138	1.03115556693483	0.860902312532061	1.235078344828	
T_8	RPE1_c2_OGG1_11_1	[DelT]8	0	0	244666	224138	1	1	1	
T_8	RPE1_WT_1	[DelT]8	0	1	244666	224138	1	1	1	
T_8	MLH1_5	[InsT]8	84	92	244666	224138	0.836381005676766	0.622191126625831	1.1243059515337	
T_8	POLE_P8_1	[InsT]8	49	51	244666	224138	0.880148454562863	0.594652669395327	1.30271222503232	
T_8	RPE1_WT_1	[InsT]8	1	1	244666	224138	0.91609752110028	0.0573004943168852	14.6462029371843	
T_8	EXO1_KO22_d2	[DelT]8	0	1	244666	224138	1	1	1	
T_8	POLE_P8_2	[DelT]8	2	4	244666	224138	0.458044501847432	0.0838960112100854	2.50077164154189	
T_8	RPE1_WT_2	[DelT]8	1	1	244666	224138	0.91609752110028	0.0573004943168852	14.6462029371843	
T_8	EXO1_KO22_d2	[InsT]8	7	10	244666	224138	0.64125824106205	0.244089375402402	1.68467853650768	
T_8	POLE_P8_2	[InsT]8	39	37	244666	224138	0.965611185877142	0.615800097329623	1.51413578259304	
T_8	RPE1_c2_MSH2_9_3	[InsT]8	193	169	244666	224138	1.04623107059148	0.850980173415711	1.28628079391959	
T_8	DheML6d1	[DelT]8	242	220	244666	224138	1.00771528164174	0.839471287355466	1.20967816785411	
T_8	POLE_P8_5	[DelT]8	5	1	244666	224138	4.58056249259179	0.535144318286046	39.2072792919454	
T_8	RPE1_WT_U1	[DelT]8	3	3	244666	224138	0.916096835238675	0.184898665648787	4.53888300702196	
T_8	DheML6d1	[InsT]8	541	518	244666	224138	0.956678231885605	0.847970386471098	1.07932217205437	
T_8	POLE_L424V_d1	[InsT]8	61	65	244666	224138	0.859687628248369	0.606152164911853	1.21926945236726	
T_8	RPE1_c2_OGG1_11_1	[InsT]8	3	0	244666	224138	1	1	1	
T_8	DheML6d3	[DelT]8	278	244	244666	224138	1.04380061321462	0.878830897819442	1.23973761374406	
T_8	MSH3_KO5_d1	[DelT]8	4	7	244666	224138	0.523476703136806	0.153240214645679	1.78822419010953	
T_8	RPE1_c2_OGG1_11_2	[DelT]8	0	2	244666	224138	1	1	1	
T_8	DheML6d3	[InsT]8	526	441	244666	224138	1.09286967237675	0.962838866474231	1.2404610598806	
T_8	MSH3_KO5_d1	[InsT]8	1	0	244666	224138	1	1	1	
T_8	RPE1_c2_OGG1_11_2	[InsT]8	4	2	244666	224138	1.83220933369301	0.335589782608166	10.0032575973608	
T_8	RPE1_WT_2	[InsT]8	2	6	244666	224138	0.305360276406282	0.0616318116982052	1.51293456800389	
T_8	EXO1_KO22_d3	[DelT]8	1	1	244666	224138	0.91609752110028	0.0573004943168852	14.6462029371843	
T_8	POD689_2	[InsT]8	2	0	244666	224138	1	1	1	
T_8	POLE_L424V_d1	[DelT]8	10	15	244666	224138	0.610715998517647	0.274365063766597	1.35940788424395	
T_8	EXO1_KO22_d3	[InsT]8	3	2	244666	224138	1.37415138374008	0.229611401910755	8.22386000747789	
T_8	POLE_P8_5	[InsT]8	29	33	244666	224138	0.805032589411077	0.488812596671953	1.32581990404154	
T_8	RPE1_WT_U1	[InsT]8	2	2	244666	224138	0.916097178170879	0.129043568357545	6.50349374660312	
T_8	MLH_A	[DelT]8	265	244	244666	224138	0.994936868399763	0.836050460174309	1.18401869176024	
T_8	POLE_L424V_d2	[DelT]8	5	6	244666	224138	0.763410051731443	0.232982732528378	2.50145107648104	
T_8	RPE1_WT_U2	[DelT]8	2	5	244666	224138	0.366433966582742	0.0710927099682221	1.88871477716325	
T_8	POD689_1	[InsT]8	4	1	244666	224138	3.6644350164717	0.409573183364307	32.7855546587384	
T_8	POLE_L424V_d2	[InsT]8	31	34	244666	224138	0.835244824522488	0.513353780550176	1.35897297988909	
T_8	RPE1_WT_U2	[InsT]8	7	12	244666	224138	0.534377099009914	0.210384191850277	1.35732101083657	
T_8	DheMS6d2	[DelT]8	357	318	244666	224138	1.02849106108047	0.884134046743591	1.19641797148121	
T_8	MSH3_KO5_d3	[DelT]8	7	4	244666	224138	1.60318851953127	0.469310193523441	5.47657703716269	
T_8	SETD2_KO15_d3	[DelT]8	0	2	244666	224138	1	1	1	
T_8	DheMS6d2	[InsT]8	508	451	244666	224138	1.0319459633832	0.908928685020463	1.17161278865229	
T_8	MSH3_KO5_d3	[InsT]8	6	3	244666	224138	1.83221613667947	0.458227526980177	7.32608971275067	
T_8	SETD2_KO15_d3	[InsT]8	3	4	244666	224138	0.687069560987971	0.153772978872551	3.06987993012386	
T_8	DheMS6d3	[DelT]8	508	419	244666	224138	1.11091696735912	0.976006338967827	1.26447591485066	
T_8	POD689_1	[DelT]8	1	2	244666	224138	0.458046716939489	0.0415338394106529	5.05146641572538	
T_8	RPE1_c2_MSH2_7_1	[DelT]8	245	215	244666	224138	1.04396950248727	0.869169649135019	1.25392358466284	
T_8	DheMS6d3	[InsT]8	720	605	244666	224138	1.09049848655708	0.978617989458709	1.21516972096644	
T_8	MSH3_KO5_d4	[InsT]8	0	2	244666	224138	1	1	1	
T_8	RPE1_c2_MSH2_7_1	[InsT]8	164	150	244666	224138	1.00160140476015	0.802592148345512	1.24995662627095	
T_8	E_MSHd1	[DelT]8	165	123	244666	224138	1.22906624851951	0.973073469958663	1.55240471545688	
T_8	POD689_2	[DelT]8	1	1	244666	224138	0.91609752110028	0.0573004943168852	14.6462029371843	
T_8	RPE1_c2_MSH2_7_2	[DelT]8	236	190	244666	224138	1.13802311284901	0.940041264185207	1.37770186769524	
T_8	E_MSHd1	[InsT]8	525	395	244666	224138	1.21806634980958	1.06885994544278	1.38810106868006	*
T_8	POD478_1	[InsT]8	33	25	244666	224138	1.20927740738167	0.719148405495899	2.03344933650426	
T_8	RPE1_c2_MSH2_7_2	[InsT]8	156	138	244666	224138	1.03561159586253	0.823555710863695	1.30226937089681	
T_8	E_MSHd2	[DelT]8	160	146	244666	224138	1.00394544482142	0.802151474332292	1.25650390035955	
T_8	POD478_2	[DelT]8	1	2	244666	224138	0.458046716939489	0.0415338394106529	5.05146641572538	
T_8	MSH3_KO5_d4	[DelT]8	1	6	244666	224138	0.152679514165628	0.0183812335653263	1.26819747777023	
T_8	SETD2_KO19_d3	[DelT]8	1	0	244666	224138	1	1	1	
T_8	POD478_2	[InsT]8	39	31	244666	224138	1.1525345301873	0.719152099033557	1.84708609633368	
T_8	RPE1_c2_MSH2_7_3	[InsT]8	166	145	244666	224138	1.04880722092941	0.839282933205767	1.31063857389793	
T_8	SETD2_KO19_d3	[InsT]8	3	3	244666	224138	0.916096835238675	0.184898665648787	4.53888300702196	
T_8	RPE1_c2_MSH2_7_3	[DelT]8	231	210	244666	224138	1.00771493444065	0.835873632852119	1.21488386423882	
T_8	POD478_1	[DelT]8	3	1	244666	224138	2.74831502924431	0.285877833168491	26.4212003297171	
T_8	SETD2_KO19_d4	[DelT]8	1	0	244666	224138	1	1	1	
T_8	SETD2_KO19_d4	[InsT]8	4	1	244666	224138	3.6644350164717	0.409573183364307	32.7855546587384	
T_8	RPE1_c2_MSH2_9_2	[DelT]8	247	186	244666	224138	1.21675738652034	1.00584274109284	1.47189861512869	*
T_9	MSH3_KO5_d3	[DelT]9	12	12	143396	125158	0.872803102159237	0.392102043446719	1.94282398643582	
T_9	RPE1_c2_MSH2_9_2	[InsT]9	122	99	143396	125158	1.07565302225883	0.825056745852416	1.40236344967903	
T_9	POLE_P8_5	[InsT]9	15	26	143396	125158	0.503494455064049	0.266677199870209	0.950612449821826	*
T_9	RPE1_c2_OGG1_1110	[DelT]9	0	0	143396	125158	1	1	1	
T_9	MSH3_KO5_d4	[DelT]9	5	0	143396	125158	1	1	1	
T_9	MSH3_KO5_d3	[InsT]9	4	1	143396	125158	3.4913244811426	0.390222458586062	31.2369172107436	
T_9	RPE1_WT_U2	[DelT]9	7	4	143396	125158	1.5274498043783	0.447134297988936	5.21790190416803	
T_9	MLH_A	[InsT]9	78	87	143396	125158	0.782404308528274	0.576316264254803	1.06218848915386	
T_9	RPE1_c2_MSH2_7_1	[InsT]9	117	118	143396	125158	0.865307120953181	0.669989341799589	1.11756466388126	
T_9	RPE1_c2_MSH2_7_1	[DelT]9	319	303	143396	125158	0.918722109775366	0.784913683625768	1.07534157270792	
T_9	DheMS6d2	[DelT]9	341	330	143396	125158	0.901673715237729	0.774885270561563	1.04920756612319	
T_9	RPE1_c2_MSH2_9_3	[DelT]9	404	297	143396	125158	1.1877908735635	1.02233972646524	1.38001793611091	*
T_9	SETD2_KO15_d3	[DelT]9	1	1	143396	125158	0.872812859583667	0.0545928624753895	13.9542470079864	
T_9	E_MSHd2	[InsT]9	326	247	143396	125158	1.15231908504911	0.976545564438149	1.35973099681465	
T_9	POLE_L424V_d3	[InsT]9	34	37	143396	125158	0.801998117032785	0.503416983641212	1.27767040172515	
T_9	RPE1_c2_OGG1_1110	[InsT]9	1	3	143396	125158	0.290932970698653	0.030262482126023	2.79692832488313	
T_9	EXO1_KO22_d1	[DelT]9	2	1	143396	125158	1.74563789279886	0.158286631201294	19.2514783443716	
T_9	POLE_P8_1	[DelT]9	2	3	143396	125158	0.581869999209637	0.0972258717292268	3.48233129678842	
T_9	RPE1_WT_1	[DelT]9	1	0	143396	125158	1	1	1	
T_9	EXO1_KO22_d1	[InsT]9	6	2	143396	125158	2.61850896157333	0.528497716125913	12.9737347440236	
T_9	MSH3_KO5_d4	[InsT]9	1	1	143396	125158	0.872812859583667	0.0545928624753895	13.9542470079864	
T_9	RPE1_WT_1	[InsT]9	2	1	143396	125158	1.74563789279886	0.158286631201294	19.2514783443716	
T_9	RPE1_WT_U2	[InsT]9	2	2	143396	125158	0.872811972606943	0.1229455412341	6.19624536098857	
T_9	MLH1_2	[DelT]9	391	358	143396	125158	0.953140873497606	0.825667007339748	1.10029529659765	
T_9	RPE1_c2_MSH2_7_2	[DelT]9	317	256	143396	125158	1.08096788967983	0.916666826604333	1.27471786324741	
T_9	POLE_L424V_d3	[DelT]9	11	8	143396	125158	1.20013425393172	0.482721514426842	2.98375395422434	
T_9	DheMS6d2	[InsT]9	266	260	143396	125158	0.892756665538053	0.752361972160323	1.05934974567373	
T_9	RPE1_c2_MSH2_9_3	[InsT]9	136	155	143396	125158	0.765601365439782	0.608048767351986	0.96397769757167	*
T_9	SETD2_KO15_d3	[InsT]9	3	0	143396	125158	1	1	1	
T_9	DheMS6d3	[DelT]9	444	403	143396	125158	0.961491941559241	0.840018692216418	1.10053116942448	
T_9	RPE1_c2_OGG1_11_1	[DelT]9	0	1	143396	125158	1	1	1	
T_9	POD689_1	[DelT]9	1	2	143396	125158	0.436402942919907	0.0395710656632964	4.81279756804231	
T_9	DheMS6d3	[InsT]9	337	347	143396	125158	0.84730175109832	0.729213509019998	0.984513106976179	*
T_9	POLE_P8_1	[InsT]9	35	23	143396	125158	1.32827495683594	0.784845393261787	2.24797695967238	
T_9	POD689_1	[InsT]9	2	0	143396	125158	1	1	1	
T_9	EXO1_KO22_d2	[DelT]9	5	2	143396	125158	2.18207558354429	0.423346401001182	11.2471816012601	
T_9	POD478_1	[DelT]9	1	1	143396	125158	0.872812859583667	0.0545928624753895	13.9542470079864	
T_9	RPE1_WT_2	[DelT]9	4	3	143396	125158	1.16375623000818	0.260458037062147	5.19979562987994	
T_9	EXO1_KO22_d2	[InsT]9	1	2	143396	125158	0.436402942919907	0.0395710656632964	4.81279756804231	
T_9	MLH1_2	[InsT]9	104	94	143396	125158	0.965641353676854	0.730519756709662	1.27643806394885	
T_9	RPE1_c2_MSH2_7_2	[InsT]9	112	94	143396	125158	1.03997951991789	0.790518024953567	1.36816285993247	
T_9	DheML6d1	[DelT]9	230	216	143396	125158	0.92927156302888	0.771657323363778	1.11907917116604	
T_9	MLH1_5	[DelT]9	364	284	143396	125158	1.1189787924932	0.957963604177269	1.30705752555693	
T_9	RPE1_c2_MSH2_7_3	[DelT]9	310	263	143396	125158	1.02885424697923	0.872807359290221	1.2128003393418	
T_9	SETD2_KO19_d3	[DelT]9	0	0	143396	125158	1	1	1	
T_9	MLH1_5	[InsT]9	77	82	143396	125158	0.819496470350382	0.600386317710513	1.1185705688259	
T_9	RPE1_c2_OGG1_11_1	[InsT]9	3	3	143396	125158	0.872811085617847	0.176160812192403	4.32445321803675	
T_9	SETD2_KO19_d3	[InsT]9	0	0	143396	125158	1	1	1	
T_9	E_MSHd1	[DelT]9	101	86	143396	125158	1.02506635766028	0.768801212966423	1.36675257515861	
T_9	POLE_P8_2	[DelT]9	3	4	143396	125158	0.654603083832544	0.146505453522106	2.92484127424253	
T_9	POD689_2	[DelT]9	1	0	143396	125158	1	1	1	
T_9	E_MSHd1	[InsT]9	312	263	143396	125158	1.03550649021825	0.878662946944062	1.2203469999656	
T_9	POD478_1	[InsT]9	15	10	143396	125158	1.30925296936135	0.58817477089942	2.9143435294926	
T_9	RPE1_WT_2	[InsT]9	3	2	143396	125158	1.30922708918845	0.218761484889829	7.83536266417329	
T_9	EXO1_KO22_d3	[DelT]9	1	3	143396	125158	0.290932970698653	0.030262482126023	2.79692832488313	
T_9	POD478_2	[DelT]9	1	1	143396	125158	0.872812859583667	0.0545928624753895	13.9542470079864	
T_9	RPE1_WT_U1	[DelT]9	3	1	143396	125158	2.61847509990027	0.272370490425754	25.1731082837946	
T_9	DheML6d1	[InsT]9	258	241	143396	125158	0.934263246755634	0.783689055273002	1.11376802874237	
T_9	POLE_L424V_d1	[InsT]9	61	48	143396	125158	1.10924727619446	0.75991054522804	1.61917679320478	
T_9	RPE1_c2_MSH2_7_3	[InsT]9	139	130	143396	125158	0.933174536779247	0.734607152001173	1.18541551592704	
T_9	DheML6d3	[DelT]9	278	259	143396	125158	0.936719873834702	0.790725486543353	1.1096697108786	
T_9	MSH3_KO5_d1	[DelT]9	4	5	143396	125158	0.698242579781299	0.187496636498255	2.60027437998431	
T_9	RPE1_c2_OGG1_11_2	[DelT]9	0	2	143396	125158	1	1	1	
T_9	SETD2_KO19_d4	[DelT]9	0	1	143396	125158	1	1	1	
T_9	MSH3_KO5_d1	[InsT]9	0	0	143396	125158	1	1	1	
T_9	POLE_P8_2	[InsT]9	30	31	143396	125158	0.84462595846498	0.511257720390648	1.39536867857524	
T_9	POD689_2	[InsT]9	1	1	143396	125158	0.872812859583667	0.0545928624753895	13.9542470079864	
T_9	E_MSHd2	[DelT]9	94	109	143396	125158	0.752539545982252	0.571046203244849	0.991716195728479	*
T_9	POLE_P8_5	[DelT]9	2	2	143396	125158	0.872811972606943	0.1229455412341	6.19624536098857	
T_9	POLE_L424V_d1	[DelT]9	9	6	143396	125158	1.30924002873343	0.465998573224071	3.67835772753255	
T_9	EXO1_KO22_d3	[InsT]9	1	6	143396	125158	0.145462998477399	0.0175123283721806	1.20826217258745	
T_9	POD478_2	[InsT]9	13	11	143396	125158	1.03151001164713	0.462107910096948	2.30252043057439	
T_9	RPE1_WT_U1	[InsT]9	6	4	143396	125158	1.30923355882558	0.369452856664074	4.63954326143874	
T_9	MLH_A	[DelT]9	395	310	143396	125158	1.11244338241713	0.958531647188134	1.29106877453027	
T_9	POLE_L424V_d2	[DelT]9	6	3	143396	125158	1.74565869307483	0.436576088451469	6.98005308425515	
T_9	RPE1_c2_MSH2_9_2	[DelT]9	308	265	143396	125158	1.01447121074984	0.860683710365679	1.19573755729965	
T_9	DheML6d3	[InsT]9	271	248	143396	125158	0.95367262994788	0.802649710678023	1.13311133488534	
T_9	POLE_L424V_d2	[InsT]9	21	34	143396	125158	0.539023334529976	0.312851700734037	0.928702495419116	*
T_9	RPE1_c2_OGG1_11_2	[InsT]9	1	2	143396	125158	0.436402942919907	0.0395710656632964	4.81279756804231	
T_9	SETD2_KO19_d4	[InsT]9	1	3	143396	125158	0.290932970698653	0.030262482126023	2.79692832488313	
